1528884074.34	300	4.08	1.023	668286	600	-4.398899999999999
1528884075.75	1200	7.96	0.0	611087	676	0.29999999999999993
1528884076.68	1200	11.96	0.0	571051	345	1.2
1528884077.51	1200	13.6	0.0	617681	375	1.2
1528884078.22	1200	17.6	0.0	652874	400	1.2
1528884078.91	1200	20.36	0.0	520315	315	1.2
1528884079.53	1200	23.96	0.0	561791	311	1.2
1528884080.28	1200	26.88	0.0	709534	442	1.2
1528884080.91	1200	30.88	0.0	584846	332	1.2
1528884081.56	1200	33.96	0.0	560821	72	1.2
1528884082.3	1200	37.32	0.0	607410	338	1.2
1528884082.99	1200	41.32	0.0	594078	355	1.2
1528884084.17	1200	43.96	0.0	624282	382	1.2
1528884085.22	1200	45.96	0.0	687371	446	1.2
1528884085.99	1200	49.96	0.0	526950	300	1.2
1528884086.75	1200	53.96	0.0	587876	367	1.2
1528884087.62	1200	55.96	0.0	617242	205	1.2
1528884088.49	1200	59.36	0.0	581493	269	1.2
1528884091.87	1200	59.558078	0.0	639204	424	1.2
1528884095.46	1200	59.973344	0.0	586839	603	1.2
1528884099.11	1200	59.961862	0.0	601738	579	1.2
1528884103.23	1200	59.964464	0.0	616206	754	1.2
1528884107.26	1200	59.96	0.0	656471	725	1.2
1528884111.45	1200	59.991942	0.0	536667	555	1.2
1528884115.16	1200	59.99272	0.0	587236	544	1.2
1528884119.54	1200	59.992614	0.0	590335	551	1.2
1528884123.5	1200	59.996404	0.0	696376	779	1.2
1528884127.41	1200	59.95549	0.0	487160	480	1.2
1528884131.29	1200	59.993859	0.0	622896	370	1.2
1528884135.38	1200	59.983916	0.0	641447	605	1.2
1528884139.11	1200	59.977422	0.0	570392	685	1.2
1528884165.37	1200	39.92	0.0	620283	189	1.2
1528884167.94	1200	39.96	0.0	584349	294	1.2
1528884169.02	1200	43.2	0.0	670129	328	1.2
1528884170.12	1200	45.28	0.0	690253	397	1.2
1528884171.25	1200	48.2	0.0	598727	435	1.2
1528884172.6	1200	51.96	0.0	487812	608	1.2
1528884173.85	1200	53.96	0.0	575591	968	1.2
1528884175.12	1200	56.56	0.0	605884	424	1.2
1528884176.19	1200	59.96	0.0	587506	349	1.2
1528884179.77	1200	59.96	0.0	566904	471	1.2
1528884183.48	1200	59.97333	0.0	641452	665	1.2
1528884187.38	1200	59.992054	0.0	599477	414	1.2
1528884191.39	1200	59.98609	0.0	634861	512	1.2
1528884195.28	1200	59.999275	0.0	630203	643	1.2
1528884199.54	1200	59.96	0.0	638661	533	1.2
1528884203.1	1200	59.977691	0.0	538612	473	1.2
1528884207.6	1200	59.621454	0.0	550906	278	1.2
1528884209.2	1200	59.653736	0.0	391450	465	1.2

1528884275.04	300	4.08	1.384	668286	765	-5.9512
1528884276.75	1200	8	0.0	611087	302	0.29999999999999993
1528884277.96	1200	11.96	0.0	571051	534	1.2
1528884279.02	1200	13.96	0.0	617681	588	1.2
1528884280.18	1200	17.6	0.0	652874	592	1.2
1528884281.23	1200	19.96	0.0	520315	492	1.2
1528884282.21	1200	22.88	0.0	561791	482	1.2
1528884284.01	1200	25.32	0.0	709534	683	1.2
1528884285.46	1200	27.96	0.0	584846	492	1.2
1528884287.59	1200	29.96	0.0	560821	883	1.2
