        TOTAL    15933    12720     6356     8528     8275      252
1557576431.000000
        TOTAL    24552    12204     9960     9508     9312      195
1557576432.000000
        TOTAL    41494    11888    19348    10896    10809       86
1557576433.000000
        TOTAL    52878    11788    26504    12140    11512      627
1557576434.000000
        TOTAL    57363    11780    29908    12204    11144     1059
1557576435.000000
        TOTAL    61187    11776    32664    12340    11472      867
1557576436.000000
        TOTAL    65657    11768    35816    12976    11315     1660
1557576437.000000
        TOTAL    72511    11784    42880    12976    11436     1539
1557576438.000000
        TOTAL    79390    11776    48640    12976    11626     1349
1557576439.000000
        TOTAL    81675    11784    54048    13172    11898     1273
1557576440.000000
        TOTAL    85339    11772    55880    13224    12481      742
1557576440.000000
        TOTAL    87733    11764    58784    13628    12617     1010
1557576441.000000
        TOTAL    88420    11720    60864    13732    12374     1357
1557576443.000000
        TOTAL    81342    11716    64268    13768    12731     1036
1557576444.000000
        TOTAL    83605    11696    64332    13768    12841      926
1557576445.000000
        TOTAL    84214    11704    63804    13780    13033      746
1557576446.000000
        TOTAL    85753    11696    65236    13784    13124      659
1557576447.000000
        TOTAL    87033    11696    66572    13796    13219      304
1557576448.000000
        TOTAL    85876    11696    65480    13808    13308      227
1557576450.000000
        TOTAL    85400    11696    66044    13844    13414      157
1557576451.000000
        TOTAL    84982    11696    65860    13932    13499      160
1557576452.000000
        TOTAL    85311    11696    66156    14020    13585      162
1557576453.000000
        TOTAL    85451    11696    66292    14108    13670      165
1557576454.000000
        TOTAL    85597    11696    66336    14164    12190     1701
1557576454.000000
        TOTAL    84721    11696    65452    14164    12280     1611
1557576455.000000
        TOTAL    80459    11696    61044    14164    12367     1524
1557576456.000000
        TOTAL    80595    11696    61168    14164    12452     1439
1557576457.000000
        TOTAL    81823    11696    62364    14164    12539     1352
1557576458.000000
        TOTAL    81498    11696    62040    14164    12624     1267
1557576459.000000
        TOTAL    81183    11696    62088    14164    12712     1179
1557576460.000000
        TOTAL    81227    11696    62112    14164    12795     1096
1557576461.000000
        TOTAL    81443    11696    62344    14164    12885     1006
1557576462.000000
        TOTAL    78890    11696    59804    14164    12972      919
1557576463.000000
        TOTAL    79306    11696    60016    14164    13056      835
1557576463.000000
        TOTAL    79574    11696    60224    14164    13144      747
1557576464.000000
        TOTAL    79892    11696    60544    14164    13229      662
1557576465.000000
        TOTAL    80800    11696    61432    14164    13316      575
1557576466.000000
        TOTAL    80523    11696    61108    14164    13402      489
1557576467.000000
        TOTAL    80763    11696    61348    14164    13486      405
1557576468.000000
        TOTAL    80843    11696    61428    14164    13570      321
1557576469.000000
        TOTAL    80958    11696    61724    14164    12234     1657
1557576470.000000
        TOTAL    81399    11696    62168    14164    12319     1572
1557576471.000000
        TOTAL    81165    11696    61932    14164    12405     1486
1557576472.000000
        TOTAL    81212    11696    61980    14164    12493     1398
1557576473.000000
        TOTAL    81506    11696    62292    14164    12584     1307
1557576474.000000
        TOTAL    81314    11696    62032    14164    12666     1225
1557576474.000000
        TOTAL    81314    11696    62036    14164    12751     1140
1557576475.000000
        TOTAL    81314    11696    62040    14164    12835     1056
1557576476.000000
        TOTAL    81184    11696    61952    14164    12920      971
1557576477.000000
        TOTAL    81700    11696    62508    14164    13008      883
1557576478.000000
        TOTAL    81702    11696    62540    14164    13097      794
1557576479.000000
        TOTAL    81750    11696    62564    14164    13177      714
1557576480.000000
        TOTAL    81768    11696    62580    14164    13263      628
1557576481.000000
        TOTAL    81686    11696    62468    14164    13350      541
1557576482.000000
        TOTAL    82241    11696    63080    14164    13439      452
1557576483.000000
        TOTAL    82380    11696    63220    14164    13523      368
1557576483.000000
        TOTAL    82391    11696    63308    14164    13610      281
1557576484.000000
        TOTAL    82495    11696    63388    14164    12225     1666
1557576485.000000
        TOTAL    82675    11696    63820    14164    12313     1578
1557576486.000000
        TOTAL    82602    11696    64064    14164    12398     1493
1557576487.000000
        TOTAL    82622    11696    64076    14164    12482     1409
1557576488.000000
        TOTAL    82269    11696    63740    14164    12568     1323
1557576489.000000
        TOTAL    82049    11696    63516    14164    12655     1236
1557576490.000000
        TOTAL    82505    11696    63968    14164    12741     1150
1557576491.000000
        TOTAL    82513    11696    63976    14164    12825     1066
1557576492.000000
        TOTAL    82887    11696    64248    14164    12912      979
1557576492.000000
        TOTAL    82916    11696    64264    14164    13006      885
1557576493.000000
        TOTAL    83155    11696    64444    14164    13098      793
1557576494.000000
        TOTAL    83231    11696    64520    14164    13182      709
1557576495.000000
        TOTAL    83247    11696    64536    14164    13268      623
1557576496.000000
        TOTAL    83263    11696    64552    14164    13354      537
1557576497.000000
        TOTAL    83295    11696    64584    14164    13439      452
1557576498.000000
        TOTAL    83487    11696    64768    14164    13526      365
1557576499.000000
        TOTAL    83629    11696    64912    14164    13613      278
1557576500.000000
        TOTAL    83724    11696    64972    14164    12237     1654
1557576501.000000
        TOTAL    83796    11696    65044    14164    12323     1568
1557576501.000000
        TOTAL    84292    11696    65540    14164    12411     1480
1557576502.000000
        TOTAL    84511    11696    65748    14164    12498     1393
1557576503.000000
        TOTAL    84531    11696    65768    14164    12583     1308
1557576504.000000
        TOTAL    84312    11696    65560    14160    12668     1219
1557576505.000000
        TOTAL    84740    11696    65932    14160    12753     1134
1557576506.000000
        TOTAL    84852    11696    66052    14160    12842     1045
1557576507.000000
        TOTAL    82458    11696    66084    14160    12932      955
1557576508.000000
        TOTAL    82535    11696    66112    14160    13016      871
1557576509.000000
        TOTAL    82711    11696    66284    14160    13100      787
1557576510.000000
        TOTAL    82739    11696    66312    14160    13184      703
1557576511.000000
        TOTAL    82763    11696    66336    14160    13271      616
1557576511.000000
        TOTAL    82889    11696    66460    14160    13353      534
1557576512.000000
        TOTAL    82931    11696    66516    14160    13441      446
1557576513.000000
        TOTAL    82995    11696    66580    14160    13529      358
1557576514.000000
        TOTAL    83095    11696    66656    14160    13611      276
1557576515.000000
        TOTAL    80983    11696    64512    14160    12226     1661
1557576516.000000
        TOTAL    79229    11696    62900    14160    12317     1570
1557576517.000000
        TOTAL    79173    11696    63020    14160    12406     1481
1557576518.000000
        TOTAL    79014    11696    63088    14160    12494     1393
1557576519.000000
        TOTAL    79846    11696    63756    14160    12579     1308
1557576520.000000
        TOTAL    79634    11696    63544    14152    12662     1217
1557576521.000000
        TOTAL    76326    11696    60196    14152    12747     1132
1557576522.000000
        TOTAL    76258    11696    60120    14152    12832     1048
1557576522.000000
        TOTAL    76759    11696    60584    14152    12919      960
1557576523.000000
        TOTAL    77446    11696    61272    14152    13004      875
1557576524.000000
        TOTAL    77481    11696    61304    14152    13093      787
1557576525.000000
        TOTAL    77489    11696    61308    14152    13174      705
1557576526.000000
        TOTAL    77385    11696    61204    14152    13262      617
1557576527.000000
        TOTAL    77073    11696    60860    14152    13344      535
1557576528.000000
        TOTAL    77146    11696    60928    14152    13429      450
1557576529.000000
        TOTAL    77191    11696    60972    14152    13516      363
1557576530.000000
        TOTAL    77248    11696    61028    14152    13598      281
1557576530.000000
        TOTAL    77327    11696    61088    14152    12225     1654
1557576531.000000
        TOTAL    77279    11696    61036    14152    12316     1563
1557576532.000000
        TOTAL    77299    11696    61056    14152    12400     1479
1557576533.000000
        TOTAL    77303    11696    61060    14152    12487     1392
1557576534.000000
        TOTAL    77415    11696    61172    14152    12571     1308
1557576535.000000
        TOTAL    77216    11696    60972    14152    12657     1222
1557576536.000000
        TOTAL    77224    11696    60976    14152    12741     1138
1557576537.000000
        TOTAL    76928    11696    60680    14152    12826     1053
1557576538.000000
        TOTAL    76944    11696    60696    14152    12910      969
1557576538.000000
        TOTAL    76960    11696    60708    14152    12995      884
1557576539.000000
        TOTAL    76992    11696    60744    14152    13083      796
1557576540.000000
        TOTAL    77000    11696    60752    14152    13163      716
1557576541.000000
        TOTAL    76883    11696    60632    14152    13250      629
1557576542.000000
        TOTAL    76931    11696    60680    14152    13336      543
1557576543.000000
        TOTAL    76959    11696    60708    14152    13422      457
1557576544.000000
        TOTAL    76999    11696    60748    14152    13505      374
1557576545.000000
        TOTAL    77067    11696    60816    14152    13591      288
1557576546.000000
        TOTAL    77379    11696    61116    14152    12226     1653
1557576546.000000
        TOTAL    77307    11696    61052    14152    12311     1568
1557576547.000000
        TOTAL    77351    11696    61088    14152    12398     1481
1557576548.000000
        TOTAL    77367    11696    61104    14152    12484     1395
1557576549.000000
        TOTAL    77383    11696    61120    14152    12570     1309
1557576550.000000
        TOTAL    77163    11696    60900    14148    12657     1218
1557576551.000000
        TOTAL    77211    11696    60948    14148    12740     1135
1557576552.000000
        TOTAL    76924    11696    60560    14148    12832     1043
1557576553.000000
        TOTAL    77204    11696    60792    14148    12924      951
1557576554.000000
        TOTAL    77224    11696    60812    14148    13009      866
1557576554.000000
        TOTAL    77260    11696    60848    14148    13095      780
1557576555.000000
        TOTAL    76251    11696    60892    14148    13195      680
1557576557.000000
        TOTAL    75692    11696    60580    14148    13283      592
1557576558.000000
        TOTAL    75677    11696    60660    14148    13373      502
1557576559.000000
        TOTAL    75447    11696    60712    14148    13466      409
1557576560.000000
        TOTAL    75088    11696    60772    14148    13548      327
1557576561.000000
        TOTAL    75415    11696    60944    14148    12212     1663
1557576562.000000
        TOTAL    75848    11696    61368    14148    12349     1626
1557576563.000000
        TOTAL    75851    11696    61372    14148    12434     1541
1557576564.000000
        TOTAL    75817    11696    61380    14148    12526     1449
1557576565.000000
        TOTAL    76230    11696    61520    14148    12591     1384
1557576565.000000
        TOTAL    76230    11696    61520    14148    12651     1324
1557576566.000000
        TOTAL    75974    11696    61272    14148    12713     1258
1557576567.000000
        TOTAL    76036    11696    61372    14148    12773     1198
1557576568.000000
        TOTAL    76048    11696    61376    14148    12834     1137
1557576569.000000
        TOTAL    76049    11696    61380    14148    12894     1077
1557576569.000000
