        TOTAL    16266    12720     6488     8608     8350      257
1557576240.000000
        TOTAL    24152    12196     9588     9372     9216      155
1557576241.000000
        TOTAL    41220    11972    19052    10592    10532       59
1557576242.000000
        TOTAL    50372    11868    25800    12100    10508     1591
1557576243.000000
        TOTAL    55331    11792    28908    12100    11004     1095
1557576244.000000
        TOTAL    57170    11776    30604    12136    11603      532
1557576245.000000
        TOTAL    61295    11784    34368    12964    11570     1393
1557576246.000000
        TOTAL    69177    11768    39960    12964    11654     1309
1557576246.000000
        TOTAL    74830    11776    45116    12964    11854     1109
1557576247.000000
        TOTAL    79965    11792    53592    13180    12036     1143
1557576248.000000
        TOTAL    82840    11792    55320    13180    12183      996
1557576249.000000
        TOTAL    84639    11772    56720    13508    13067      436
1557576250.000000
        TOTAL    88728    11752    58940    13644    13240      295
1557576251.000000
        TOTAL    88907    11720    62572    13896    12573     1282
1557576252.000000
        TOTAL    87518    11708    65304    13896    12816     1039
1557576253.000000
        TOTAL    84446    11700    62792    13896    12998      857
1557576254.000000
        TOTAL    85750    11700    64100    13896    13103      752
1557576255.000000
        TOTAL    85276    11700    63920    13896    13198      657
1557576257.000000
        TOTAL    81663    11700    64460    13896    13299      492
1557576258.000000
        TOTAL    81650    11700    64880    13896    13398      393
1557576259.000000
        TOTAL    82824    11700    65704    13896    13501      293
1557576261.000000
        TOTAL    82196    11700    65864    13984    13592      287
1557576262.000000
        TOTAL    81659    11700    66236    14064    12199     1760
1557576263.000000
        TOTAL    81615    11700    66240    14064    12280     1679
1557576265.000000
        TOTAL    81151    11700    65888    14064    12369     1590
1557576266.000000
        TOTAL    79966    11700    65020    14064    12464     1495
1557576267.000000
        TOTAL    77685    11700    63336    14064    12557     1402
1557576268.000000
        TOTAL    76565    11696    61620    14064    12653     1306
1557576269.000000
        TOTAL    77842    11700    62748    14064    12742     1217
1557576270.000000
        TOTAL    77653    11696    62604    14064    12831     1128
1557576271.000000
        TOTAL    78048    11696    62668    14064    12921     1041
1557576272.000000
        TOTAL    77335    11696    62324    14064    13006      953
1557576273.000000
        TOTAL    75083    11696    60056    14064    13094      865
1557576274.000000
        TOTAL    75627    11696    60524    14064    13178      781
1557576275.000000
        TOTAL    76357    11696    61184    14064    13266      693
1557576276.000000
        TOTAL    76517    11696    61344    14064    13351      608
1557576277.000000
        TOTAL    76657    11696    61456    14064    13434      525
1557576278.000000
        TOTAL    76821    11696    61452    14064    13519      440
1557576278.000000
        TOTAL    77055    11696    61612    14064    12221     1738
1557576279.000000
        TOTAL    77103    11696    61660    14064    12304     1655
1557576280.000000
        TOTAL    77515    11696    62072    14064    12392     1567
1557576281.000000
        TOTAL    77935    11696    62500    14064    12481     1478
1557576282.000000
        TOTAL    77416    11696    61980    14064    12564     1395
1557576283.000000
        TOTAL    77468    11696    62032    14064    12649     1310
1557576284.000000
        TOTAL    77593    11696    62104    14064    12734     1225
1557576285.000000
        TOTAL    77620    11696    62132    14064    12822     1137
1557576286.000000
        TOTAL    77707    11696    62220    14064    12907     1052
1557576286.000000
        TOTAL    77795    11696    62264    14064    12992      967
1557576287.000000
        TOTAL    77823    11696    62292    14064    13080      879
1557576288.000000
        TOTAL    77847    11696    62316    14064    13162      797
1557576289.000000
        TOTAL    78509    11696    62980    14064    13248      711
1557576290.000000
        TOTAL    78077    11696    62560    14064    13332      627
1557576291.000000
        TOTAL    78178    11696    62656    14064    13418      541
1557576292.000000
        TOTAL    78278    11696    62732    14064    13504      455
1557576293.000000
        TOTAL    78602    11696    63052    14064    13590      369
1557576294.000000
        TOTAL    79219    11696    63668    14064    12225     1734
1557576295.000000
        TOTAL    79231    11696    63680    14064    12315     1644
1557576295.000000
        TOTAL    79391    11696    63840    14064    12400     1559
1557576296.000000
        TOTAL    79391    11696    63840    14064    12483     1476
1557576297.000000
        TOTAL    79559    11696    64008    14064    12570     1389
1557576298.000000
        TOTAL    79571    11696    64020    14056    12655     1296
1557576299.000000
        TOTAL    79630    11696    64072    14056    12742     1209
1557576300.000000
        TOTAL    79627    11696    64076    14056    12829     1122
1557576301.000000
        TOTAL    79631    11696    64080    14056    12916     1035
1557576302.000000
        TOTAL    79881    11696    64284    14056    13015      936
1557576303.000000
        TOTAL    80057    11696    64456    14056    13098      853
1557576304.000000
        TOTAL    80061    11696    64460    14056    13181      770
1557576304.000000
        TOTAL    80069    11696    64468    14056    13267      684
1557576305.000000
        TOTAL    80237    11696    64624    14056    13353      598
1557576306.000000
        TOTAL    80267    11696    64656    14056    13437      514
1557576307.000000
        TOTAL    80332    11696    64720    14056    13528      423
1557576308.000000
        TOTAL    80325    11700    64712    14056    12203     1748
1557576309.000000
        TOTAL    80988    11696    65372    14056    12285     1666
1557576310.000000
        TOTAL    81068    11696    65452    14056    12374     1577
1557576311.000000
        TOTAL    81092    11696    65476    14056    12456     1495
1557576312.000000
        TOTAL    81112    11696    65496    14056    12543     1408
1557576313.000000
        TOTAL    81554    11696    65708    14056    12631     1320
1557576313.000000
        TOTAL    81770    11696    65924    14048    12716     1227
1557576314.000000
        TOTAL    81858    11696    65948    14048    12801     1142
1557576315.000000
        TOTAL    81962    11696    66052    14048    12887     1056
1557576316.000000
        TOTAL    81983    11696    66080    14048    12969      974
1557576317.000000
        TOTAL    82029    11700    66124    14048    13054      889
1557576318.000000
        TOTAL    82051    11696    66148    14048    13142      801
1557576319.000000
        TOTAL    82075    11696    66172    14048    13224      719
1557576320.000000
        TOTAL    82099    11696    66196    14048    13310      633
1557576321.000000
        TOTAL    82199    11696    66296    14048    13393      550
1557576321.000000
        TOTAL    82239    11696    66336    14048    13479      464
1557576322.000000
        TOTAL    82311    11696    66408    14048    13565      378
1557576323.000000
        TOTAL    81835    11696    65932    14048    12224     1719
1557576324.000000
        TOTAL    81856    11696    65952    14048    12308     1635
1557576325.000000
        TOTAL    82028    11696    66124    14048    12392     1551
1557576326.000000
        TOTAL    82467    11696    66524    14048    12482     1461
1557576327.000000
        TOTAL    82491    11696    66548    14048    12570     1373
1557576328.000000
        TOTAL    77995    11704    62052    14040    12660     1275
1557576329.000000
        TOTAL    78030    11696    62092    14040    12744     1191
1557576330.000000
        TOTAL    78086    11696    62148    14040    12827     1108
1557576330.000000
        TOTAL    78606    11696    62668    14040    12913     1022
1557576331.000000
        TOTAL    78499    11696    62752    14040    13003      932
1557576332.000000
        TOTAL    75679    11696    59924    14040    13087      848
1557576333.000000
        TOTAL    75823    11696    60068    14040    13173      759
1557576334.000000
        TOTAL    75732    11696    59976    14040    13258      677
1557576335.000000
        TOTAL    76468    11696    60712    14040    13343      592
1557576336.000000
        TOTAL    76508    11696    60752    14040    13429      506
1557576337.000000
        TOTAL    76540    11696    60784    14040    13516      419
1557576338.000000
        TOTAL    76624    11696    60864    14040    13596      339
1557576339.000000
        TOTAL    76808    11696    61048    14052    12227     1720
1557576340.000000
        TOTAL    76812    11696    61052    14052    12315     1632
1557576340.000000
        TOTAL    76825    11696    61064    14052    12399     1548
1557576341.000000
        TOTAL    76833    11696    61072    14052    12484     1463
1557576342.000000
        TOTAL    76841    11696    61076    14052    12576     1371
1557576343.000000
        TOTAL    76137    11696    60372    14052    12658     1289
1557576344.000000
        TOTAL    76181    11696    60416    14052    12746     1201
1557576345.000000
        TOTAL    76190    11696    60424    14052    12829     1118
1557576346.000000
        TOTAL    76530    11696    60764    14052    12913     1034
1557576347.000000
        TOTAL    76143    11696    60376    14052    12998      949
1557576347.000000
        TOTAL    76147    11696    60380    14052    13084      863
1557576348.000000
        TOTAL    76155    11696    60388    14052    13169      778
1557576349.000000
        TOTAL    76159    11696    60392    14052    13253      694
1557576350.000000
        TOTAL    76499    11696    60732    14052    13338      609
1557576351.000000
        TOTAL    76520    11696    60752    14052    13421      526
1557576352.000000
        TOTAL    76573    11696    60804    14052    13507      440
1557576353.000000
        TOTAL    76633    11696    60864    14052    13593      354
1557576354.000000
        TOTAL    76173    11696    60404    14052    12227     1720
1557576355.000000
        TOTAL    76176    11696    60408    14052    12312     1635
1557576355.000000
        TOTAL    76612    11696    60844    14052    12445     1502
1557576356.000000
        TOTAL    76620    11696    60852    14052    12534     1413
1557576357.000000
        TOTAL    76628    11696    60860    14052    12618     1329
1557576358.000000
        TOTAL    76368    11696    60600    14036    12702     1229
1557576359.000000
        TOTAL    76200    11696    60432    14036    12789     1142
1557576360.000000
        TOTAL    76224    11696    60456    14036    12877     1054
1557576361.000000
        TOTAL    75960    11696    60192    14036    12961      970
1557576362.000000
        TOTAL    76000    11696    60232    14036    13059      872
1557576363.000000
        TOTAL    76023    11696    60256    14036    13144      787
1557576363.000000
        TOTAL    76059    11696    60292    14036    13232      699
1557576364.000000
        TOTAL    76091    11696    60324    14036    13313      618
1557576365.000000
        TOTAL    76160    11696    60392    14036    13398      533
1557576366.000000
        TOTAL    76604    11696    60836    14036    13482      449
1557576367.000000
        TOTAL    76684    11696    60916    14036    13566      365
1557576368.000000
        TOTAL    76800    11696    60992    14036    13651      280
1557576369.000000
        TOTAL    76872    11696    61064    14056    12278     1673
1557576370.000000
        TOTAL    76419    11696    60580    14056    12363     1588
1557576370.000000
        TOTAL    76827    11696    60984    14056    12449     1502
1557576371.000000
        TOTAL    76843    11696    61000    14056    12537     1414
1557576372.000000
        TOTAL    77015    11696    61144    14056    12609     1342
1557576373.000000
        TOTAL    77015    11696    61144    14056    12670     1281
1557576374.000000
        TOTAL    76823    11696    60952    14056    12732     1219
1557576375.000000
        TOTAL    76827    11696    60956    14056    12792     1159
1557576375.000000
        TOTAL    76911    11696    61040    14056    12853     1098
1557576376.000000
        TOTAL    76915    11696    61044    14056    12914     1037
1557576377.000000
        TOTAL    76336    11696    61216    14056    12975      976
1557576378.000000
        TOTAL    76353    11696    61220    14056    12961      990
1557576379.000000
        TOTAL    76357    11696    61224    14056    13022      929
1557576379.000000
