        TOTAL    30820    12108    11920     9736     9587      104
1557586069.000000
        TOTAL    48885    11836    21924    11928    11450      477
1557586070.000000
        TOTAL    57590    11776    27716    12320    11681      638
1557586071.000000
        TOTAL    63918    11776    31188    12320    11421      898
1557586071.000000
        TOTAL    74527    11768    37432    13152    11473     1678
1557586072.000000
        TOTAL    84907    11768    45364    13152    11666     1485
1557586073.000000
        TOTAL    95907    11776    54020    13276    11956     1319
1557586074.000000
        TOTAL   101181    11772    57948    13328    12529      789
1557586075.000000
        TOTAL   105818    11708    63128    13888    12525     1362
1557586076.000000
        TOTAL   108855    11688    66112    13888    12746     1141
1557586077.000000
        TOTAL   113309    11696    70456    13888    12983      801
1557586078.000000
        TOTAL   113619    11688    70704    13900    13081      786
1557586079.000000
        TOTAL   114506    11696    71528    13908    13183      692
1557586081.000000
        TOTAL   114044    11692    71024    13920    13291      464
1557586082.000000
        TOTAL   114476    11692    71556    13932    13384      383
1557586083.000000
        TOTAL   116589    11688    73984    13932    13468      299
1557586084.000000
        TOTAL   117708    11688    75320    14012    13555      292
1557586086.000000
        TOTAL   119575    11688    78292    14096    13643      288
1557586087.000000
        TOTAL   120572    11688    79780    14188    13732      291
1557586088.000000
        TOTAL   122196    11688    81844    14284    13831      288
1557586089.000000
        TOTAL   123494    11688    83636    14340    12319     1856
1557586090.000000
        TOTAL   125604    11688    85912    14340    12410     1765
1557586091.000000
        TOTAL   119640    11688    79928    14340    12505     1670
1557586092.000000
        TOTAL   119996    11688    80280    14340    12590     1585
1557586093.000000
        TOTAL   121040    11688    81324    14340    12680     1496
1557586094.000000
        TOTAL   121208    11688    81492    14300    12767     1368
1557586095.000000
        TOTAL   121296    11688    81572    14300    12854     1281
1557586096.000000
        TOTAL   121344    11688    81620    14300    12937     1198
1557586096.000000
        TOTAL   112632    11688    72908    14300    13024     1111
1557586097.000000
        TOTAL   114012    11688    74288    14300    13110     1025
1557586098.000000
        TOTAL   114594    11688    74840    14300    13197      938
1557586099.000000
        TOTAL   114885    11688    75132    14300    13287      848
1557586100.000000
        TOTAL   114897    11688    75144    14300    13372      763
1557586101.000000
        TOTAL   115950    11688    76476    14300    13476      659
1557586102.000000
        TOTAL   116034    11688    76544    14300    13549      586
1557586103.000000
        TOTAL   115658    11688    76652    14300    13638      497
1557586104.000000
        TOTAL   115742    11688    76720    14300    12322     1813
1557586105.000000
        TOTAL   115997    11688    77860    14300    12418     1717
1557586106.000000
        TOTAL   116476    11688    78276    14300    12502     1633
1557586107.000000
        TOTAL   116410    11688    78280    14300    12588     1547
1557586108.000000
        TOTAL   116437    11688    78296    14300    12676     1459
1557586109.000000
        TOTAL   116901    11688    78748    14296    12762     1369
1557586110.000000
        TOTAL   117414    11688    79316    14296    12848     1283
1557586111.000000
        TOTAL   117290    11688    79340    14296    12933     1198
1557586112.000000
        TOTAL   117273    11688    79736    14296    13017     1114
1557586113.000000
        TOTAL   117373    11688    79808    14296    13104     1027
1557586114.000000
        TOTAL   117339    11688    81444    14296    13191      940
1557586114.000000
        TOTAL   116787    11688    80884    14296    13274      858
1557586115.000000
        TOTAL   116850    11688    80944    14296    13357      774
1557586116.000000
        TOTAL   117158    11688    81252    14296    13441      690
1557586117.000000
        TOTAL   117938    11696    82028    14296    13529      602
1557586118.000000
        TOTAL   118238    11688    82992    14296    13615      516
1557586119.000000
        TOTAL   117744    11688    83068    14296    13704      430
1557586120.000000
        TOTAL   117700    11688    83136    14296    12359     1773
1557586121.000000
        TOTAL   118154    11688    83988    14296    12443     1688
1557586122.000000
        TOTAL   118334    11688    83996    14296    12531     1600
1557586123.000000
        TOTAL   118399    11688    84064    14296    12611     1520
1557586124.000000
        TOTAL   113548    11688    84168    14296    12715     1416
1557586125.000000
        TOTAL   114200    11688    85784    14296    12855     1276
1557586127.000000
        TOTAL   112489    11688    85544    14296    12950     1181
1557586128.000000
        TOTAL   111397    11688    85684    14296    13040     1091
1557586129.000000
        TOTAL   110577    11688    86288    14296    13137      993
1557586130.000000
        TOTAL   110742    11688    86848    14296    13225      906
1557586131.000000
        TOTAL   109891    11688    86852    14296    13317      814
1557586132.000000
        TOTAL   110013    11688    87144    14296    13399      732
1557586133.000000
        TOTAL   110069    11688    87188    14296    13487      644
1557586134.000000
        TOTAL   111377    11688    88888    14296    13576      555
1557586135.000000
        TOTAL   111501    11688    89012    14296    13674      457
1557586135.000000
        TOTAL   111581    11688    89092    14296    13744      387
1557586136.000000
        TOTAL   111922    11688    89364    14296    12382     1749
1557586137.000000
        TOTAL   111783    11688    89180    14296    12470     1661
1557586138.000000
        TOTAL   111811    11688    89208    14296    12554     1577
1557586139.000000
        TOTAL   111831    11688    89228    14296    12649     1482
1557586140.000000
        TOTAL   111847    11688    89244    14296    12729     1402
1557586141.000000
        TOTAL   111732    11688    89128    14288    12822     1301
1557586142.000000
        TOTAL   112160    11688    89556    14288    12904     1219
1557586143.000000
        TOTAL   111104    11688    88500    14288    12994     1129
1557586144.000000
        TOTAL   111244    11688    88640    14288    13077     1046
1557586144.000000
        TOTAL   111259    11688    88672    14288    13158      965
1557586145.000000
        TOTAL   111287    11688    88700    14288    13243      880
1557586146.000000
        TOTAL   111289    11688    88720    14288    13331      792
1557586147.000000
        TOTAL   111106    11688    88536    14288    13412      711
1557586148.000000
        TOTAL   110606    11688    88036    14288    13497      626
1557586149.000000
        TOTAL   110723    11688    88152    14288    13582      541
1557586150.000000
        TOTAL   110795    11688    88224    14288    13668      455
1557586151.000000
        TOTAL   109895    11688    87320    14288    13753      370
1557586152.000000
        TOTAL   105691    11688    83096    14288    12380     1743
1557586153.000000
        TOTAL   105239    11688    82640    14288    12465     1658
1557586154.000000
        TOTAL   105291    11688    82692    14288    12554     1569
1557586154.000000
        TOTAL   105947    11688    83348    14288    12639     1484
1557586155.000000
        TOTAL   105947    11688    83348    14288    12724     1399
1557586156.000000
        TOTAL    98311    11688    75704    14288    12810     1313
1557586157.000000
        TOTAL    98807    11688    76200    14288    12898     1226
1557586158.000000
        TOTAL    97867    11688    75260    14288    12977     1146
1557586159.000000
        TOTAL    98907    11688    76300    14288    13069     1054
1557586160.000000
        TOTAL    98924    11688    76316    14288    13151      972
1557586161.000000
        TOTAL    98936    11688    76324    14288    13232      891
1557586161.000000
        TOTAL    98961    11688    76348    14288    13321      802
1557586162.000000
        TOTAL    98054    11688    75440    14288    13409      714
1557586163.000000
        TOTAL    98082    11688    75468    14288    13491      632
1557586164.000000
        TOTAL    98168    11688    75552    14288    13574      549
1557586165.000000
        TOTAL    98226    11688    75608    14288    13658      465
1557586166.000000
        TOTAL    98278    11688    75660    14288    13748      375
1557586167.000000
        TOTAL    97587    11688    74968    14288    12382     1741
1557586168.000000
        TOTAL    97591    11688    74972    14288    12465     1658
1557586169.000000
        TOTAL    97591    11688    74972    14288    12556     1567
1557586170.000000
        TOTAL    97643    11688    75020    14288    12637     1486
1557586171.000000
        TOTAL    97647    11688    75024    14288    12723     1400
1557586171.000000
        TOTAL    97422    11688    74800    14288    12812     1312
1557586172.000000
        TOTAL    96330    11688    73708    14288    12899     1224
1557586173.000000
        TOTAL    96338    11688    73716    14288    12986     1137
1557586174.000000
        TOTAL    96342    11688    73720    14288    13069     1054
1557586175.000000
        TOTAL    96346    11688    73724    14288    13154      969
1557586176.000000
        TOTAL    96414    11688    73792    14288    13236      887
1557586177.000000
        TOTAL    96274    11688    73652    14288    13328      795
1557586178.000000
        TOTAL    95270    11688    72648    14288    13410      713
1557586179.000000
        TOTAL    95330    11688    72708    14288    13499      624
1557586180.000000
        TOTAL    95366    11688    72744    14288    13583      540
1557586181.000000
        TOTAL    95438    11688    72816    14288    13669      454
1557586181.000000
        TOTAL    95510    11688    72888    14288    13752      371
1557586182.000000
        TOTAL    95614    11688    72992    14288    12386     1737
1557586183.000000
        TOTAL    94634    11688    72012    14288    12473     1650
1557586184.000000
        TOTAL    94654    11688    72032    14288    12557     1566
1557586185.000000
        TOTAL    94670    11688    72048    14288    12643     1480
1557586186.000000
        TOTAL    94686    11688    72064    14288    12740     1384
1557586187.000000
        TOTAL    94266    11688    71644    14288    12813     1310
1557586188.000000
        TOTAL    93330    11688    70708    14288    12898     1225
1557586189.000000
        TOTAL    93390    11688    70764    14288    12995     1128
1557586189.000000
        TOTAL    93414    11688    70788    14288    13080     1043
1557586190.000000
        TOTAL    93586    11688    70960    14288    13163      960
1557586191.000000
        TOTAL    93622    11688    70996    14288    13249      874
1557586192.000000
        TOTAL    93983    11688    71356    14288    13336      787
1557586193.000000
        TOTAL    93007    11688    70348    14288    13424      699
1557586194.000000
        TOTAL    93023    11688    70364    14288    13504      619
1557586195.000000
        TOTAL    93132    11688    70468    14288    13593      530
1557586196.000000
        TOTAL    93192    11688    70528    14288    13674      449
1557586197.000000
        TOTAL    93504    11688    70820    14288    13739      384
1557586197.000000
        TOTAL    93440    11688    70756    14288    12360     1763
1557586198.000000
        TOTAL    93444    11688    70760    14288    12422     1701
1557586199.000000
        TOTAL    93444    11688    70760    14288    12484     1639
1557586200.000000
        TOTAL    93452    11688    70768    14288    12547     1576
1557586201.000000
        TOTAL    93452    11688    70768    14288    12608     1515
1557586201.000000
        TOTAL    90944    11688    71380    14288    12598     1525
1557586202.000000
        TOTAL    90832    11688    71268    14288    12660     1463
1557586203.000000
        TOTAL    90836    11688    71272    14288    12722     1401
1557586204.000000
        TOTAL    90840    11688    71276    14288    12783     1340
1557586205.000000
        TOTAL    90844    11688    71280    14288    12843     1280
1557586205.000000
        TOTAL    90851    11688    71288    14288    12904     1219
1557586206.000000
        TOTAL    90855    11688    71292    14288    12965     1158
1557586207.000000
        TOTAL    90859    11688    71296    14288    13025     1098
1557586208.000000
        TOTAL    90503    11688    70940    14288    13087     1036
1557586209.000000
        TOTAL    90895    11688    71328    14288    13147      976
1557586209.000000
        TOTAL    90899    11688    71332    14288    13207      916
1557586210.000000
        TOTAL    90903    11688    71336    14288    13267      856
1557586211.000000
        TOTAL    90907    11688    71340    14288    13331      792
1557586212.000000
        TOTAL    90520    11688    70952    14288    13391      732
1557586213.000000
        TOTAL    90532    11688    70964    14288    13451      672
1557586213.000000
        TOTAL    90560    11688    70992    14288    13512      611
1557586214.000000
        TOTAL    90788    11688    71220    14288    13572      551
1557586215.000000
        TOTAL    90828    11688    71260    14288    13633      490
1557586216.000000
