        TOTAL    30635    12124    13248     9668     9544      155
1557585537.000000
        TOTAL    50844    11876    24484    11880    11111      768
1557585538.000000
        TOTAL    59738    11784    29492    12268    11845      422
1557585539.000000
        TOTAL    66808    11776    33608    12268    11702      565
1557585540.000000
        TOTAL    76508    11768    40408    13120    11550     1569
1557585541.000000
        TOTAL    91938    11792    52000    13120    11817     1302
1557585542.000000
        TOTAL    97641    11748    56720    13268    12861      406
1557585543.000000
        TOTAL   101204    11732    59104    13740    12586     1153
1557585544.000000
        TOTAL   106656    11704    64036    13944    12665     1278
1557585545.000000
        TOTAL   109978    11696    65968    13944    12830     1113
1557585546.000000
        TOTAL   112329    11696    68260    13944    13050      757
1557585547.000000
        TOTAL   114024    11696    69968    13944    13156      651
1557585548.000000
        TOTAL   111760    11696    67628    13944    13244      339
1557585549.000000
        TOTAL   110768    11696    66572    13944    13339      244
1557585550.000000
        TOTAL   111937    11696    67752    13944    13431      152
1557585551.000000
        TOTAL   113814    11696    69808    13956    13522       73
1557585553.000000
        TOTAL   115884    11696    71904    14048    13618       81
1557585554.000000
        TOTAL   117292    11696    73316    14136    13706       81
1557585555.000000
        TOTAL   119531    11696    75552    14228    13798       82
1557585556.000000
        TOTAL   121127    11696    77876    14284    12329     1606
1557585557.000000
        TOTAL   123875    11696    80892    14284    12430     1505
1557585558.000000
        TOTAL   122206    11696    79216    14284    12517     1410
1557585560.000000
        TOTAL   124858    11696    81904    14284    12603     1332
1557585560.000000
        TOTAL   124605    11696    82068    14284    12690     1237
1557585561.000000
        TOTAL   125382    11696    82840    14284    12780     1147
1557585562.000000
        TOTAL   125501    11696    83244    14284    12869     1058
1557585563.000000
        TOTAL   119009    11696    76744    14284    12953      974
1557585564.000000
        TOTAL   119049    11696    76784    14284    13037      890
1557585565.000000
        TOTAL   119615    11696    77352    14284    13124      803
1557585566.000000
        TOTAL   120443    11696    78176    14284    13214      713
1557585567.000000
        TOTAL   121607    11696    79332    14284    13305      622
1557585568.000000
        TOTAL   121715    11696    79440    14284    13394      525
1557585569.000000
        TOTAL   121915    11696    79640    14284    13475      452
1557585570.000000
        TOTAL   123087    11696    81104    14284    13565      362
1557585571.000000
        TOTAL   123168    11700    81180    14284    13652      275
1557585572.000000
        TOTAL   123242    11696    81252    14284    12341     1586
1557585573.000000
        TOTAL   123246    11696    81256    14284    12427     1500
1557585574.000000
        TOTAL   123902    11696    81996    14284    12521     1406
1557585575.000000
        TOTAL   124298    11696    82384    14284    12607     1321
1557585576.000000
        TOTAL   124306    11696    82392    14284    12691     1236
1557585577.000000
        TOTAL   124020    11696    82116    14284    12775     1152
1557585578.000000
        TOTAL   124692    11696    82788    14284    12862     1065
1557585578.000000
        TOTAL   125131    11696    83580    14284    12952      966
1557585579.000000
        TOTAL   125003    11696    83604    14284    13029      898
1557585580.000000
        TOTAL   125052    11696    83676    14284    13116      811
1557585581.000000
        TOTAL   125164    11696    83760    14284    13209      718
1557585582.000000
        TOTAL   125508    11696    84704    14284    13287      640
1557585583.000000
        TOTAL   125483    11696    84728    14284    13374      553
1557585584.000000
        TOTAL   125539    11696    84780    14284    13458      469
1557585585.000000
        TOTAL   125603    11696    84844    14284    13542      385
1557585586.000000
        TOTAL   126205    11696    85716    14284    13633      294
1557585587.000000
        TOTAL   127574    11696    87264    14288    13719      212
1557585588.000000
        TOTAL   127701    11696    87336    14348    12329     1662
1557585589.000000
        TOTAL   127024    11696    87356    14348    12414     1577
1557585590.000000
        TOTAL   126943    11696    87264    14348    12513     1478
1557585591.000000
        TOTAL   128144    11696    88780    14348    12600     1391
1557585591.000000
        TOTAL   127845    11696    88780    14348    12682     1309
1557585592.000000
        TOTAL   127597    11696    88520    14348    12765     1226
1557585593.000000
        TOTAL   127613    11696    88536    14348    12851     1140
1557585594.000000
        TOTAL   125748    11696    89312    14348    12940     1051
1557585595.000000
        TOTAL   126021    11696    89576    14348    13024      967
1557585596.000000
        TOTAL   125827    11696    89604    14348    13112      879
1557585597.000000
        TOTAL   125866    11696    89640    14348    13197      794
1557585598.000000
        TOTAL   127035    11696    91976    14348    13297      694
1557585599.000000
        TOTAL   126035    11696    90944    14348    13379      612
1557585600.000000
        TOTAL   126232    11696    91164    14348    13473      518
1557585601.000000
        TOTAL   126299    11696    91252    14348    13560      431
1557585602.000000
        TOTAL   127894    11696    92944    14348    13648      343
1557585603.000000
        TOTAL   128006    11696    93048    14348    12305     1686
1557585604.000000
        TOTAL   128137    11696    93200    14348    12439     1652
1557585605.000000
        TOTAL   128169    11696    93232    14348    12523     1568
1557585605.000000
        TOTAL   128557    11696    93616    14348    12624     1467
1557585606.000000
        TOTAL   128280    11696    93280    14348    12711     1380
1557585607.000000
        TOTAL   128312    11696    93312    14348    12790     1301
1557585608.000000
        TOTAL   128064    11696    93064    14328    12877     1190
1557585609.000000
        TOTAL   128128    11696    93128    14328    12960     1107
1557585610.000000
        TOTAL   128500    11696    93500    14328    13045     1022
1557585611.000000
        TOTAL   128504    11696    93504    14328    13132      935
1557585612.000000
        TOTAL   127466    11696    92464    14328    13216      851
1557585613.000000
        TOTAL   127642    11696    92640    14328    13299      768
1557585614.000000
        TOTAL   127624    11696    92652    14328    13386      681
1557585615.000000
        TOTAL   127603    11696    92656    14328    13472      595
1557585615.000000
        TOTAL   127265    11696    92316    14328    13558      509
1557585616.000000
        TOTAL   126861    11696    91912    14328    13642      425
1557585617.000000
        TOTAL   126841    11696    91888    14328    13730      337
1557585618.000000
        TOTAL   124933    11696    89976    14328    12374     1693
1557585619.000000
        TOTAL   118077    11696    83096    14328    12456     1611
1557585620.000000
        TOTAL   118189    11696    83204    14328    12541     1526
1557585621.000000
        TOTAL   118653    11696    83664    14328    12633     1434
1557585622.000000
        TOTAL   118185    11696    83196    14328    12716     1351
1557585623.000000
        TOTAL   117893    11696    82904    14308    12805     1242
1557585624.000000
        TOTAL   110917    11696    75924    14308    12891     1157
1557585625.000000
        TOTAL   111085    11696    76092    14308    12972     1075
1557585625.000000
        TOTAL   111557    11696    76564    14308    13057      990
1557585626.000000
        TOTAL   111469    11696    76472    14308    13143      904
1557585627.000000
        TOTAL   111477    11696    76480    14308    13226      821
1557585628.000000
        TOTAL   111485    11696    76484    14308    13317      730
1557585629.000000
        TOTAL   111541    11696    76540    14308    13398      649
1557585630.000000
        TOTAL   111669    11696    76668    14308    13483      564
1557585631.000000
        TOTAL   111733    11696    76732    14308    13571      476
1557585632.000000
        TOTAL   110820    11696    75772    14308    13656      391
1557585633.000000
        TOTAL   110888    11696    75840    14308    13741      306
1557585634.000000
        TOTAL   111044    11696    75996    14324    12379     1684
1557585634.000000
        TOTAL   111056    11696    76008    14324    12465     1598
1557585635.000000
        TOTAL   110806    11696    75756    14324    12551     1512
1557585636.000000
        TOTAL   110278    11696    75228    14324    12638     1425
1557585637.000000
        TOTAL   110382    11696    75332    14324    12729     1334
1557585638.000000
        TOTAL   110390    11696    75340    14324    12807     1256
1557585639.000000
        TOTAL   110090    11696    75040    14324    12893     1170
1557585640.000000
        TOTAL   110106    11696    75052    14324    12978     1085
1557585641.000000
        TOTAL   109938    11696    74884    14324    13062     1001
1557585642.000000
        TOTAL   108890    11696    73836    14324    13150      913
1557585642.000000
        TOTAL   108914    11696    73860    14324    13233      830
1557585643.000000
        TOTAL   108922    11696    73868    14324    13321      742
1557585644.000000
        TOTAL   108978    11696    73924    14324    13403      660
1557585645.000000
        TOTAL   109026    11696    73972    14324    13486      577
1557585646.000000
        TOTAL   108258    11696    73196    14324    13571      492
1557585647.000000
        TOTAL   108332    11696    73268    14324    13656      407
1557585648.000000
        TOTAL   108408    11696    73344    14324    13743      320
1557585649.000000
        TOTAL   108484    11696    73412    14328    12378     1689
1557585650.000000
        TOTAL   108196    11696    73124    14328    12465     1602
1557585650.000000
        TOTAL   108084    11696    73012    14328    12549     1518
1557585651.000000
        TOTAL   107692    11696    72620    14328    12636     1431
1557585652.000000
        TOTAL   107736    11696    72664    14328    12721     1346
1557585653.000000
        TOTAL   107756    11696    72684    14328    12806     1261
1557585654.000000
        TOTAL   107504    11696    72432    14328    12901     1166
1557585655.000000
        TOTAL   107532    11696    72460    14328    12978     1089
1557585656.000000
        TOTAL   107144    11696    72072    14328    13063     1004
1557585657.000000
        TOTAL   106280    11696    71208    14328    13146      921
1557585658.000000
        TOTAL   106412    11696    71340    14328    13243      821
1557585659.000000
        TOTAL   106560    11696    71488    14328    13329      738
1557585659.000000
        TOTAL   106584    11696    71512    14328    13412      655
1557585660.000000
        TOTAL   106474    11696    71400    14328    13506      558
1557585661.000000
        TOTAL   106594    11696    71520    14328    13591      476
1557585662.000000
        TOTAL   105638    11696    70556    14328    13677      390
1557585663.000000
        TOTAL   105718    11696    70636    14328    13763      304
1557585664.000000
        TOTAL   105791    11696    70708    14336    12390     1685
1557585665.000000
        TOTAL   106003    11696    70916    14336    12464     1611
1557585666.000000
        TOTAL   106407    11696    71320    14336    12525     1550
1557585666.000000
        TOTAL   106407    11696    71320    14336    12588     1487
1557585667.000000
        TOTAL   106411    11696    71324    14336    12650     1425
1557585668.000000
