        TOTAL    27131    12100    11152     9892     9749      142
1557585900.000000
        TOTAL    46578    11860    22096    12392    10550     1841
1557585901.000000
        TOTAL    58113    11788    29028    12392    11835      556
1557585902.000000
        TOTAL    64896    11776    33072    12392    11467      924
1557585903.000000
        TOTAL    69633    11768    36504    13152    11548     1603
1557585904.000000
        TOTAL    80707    11776    44168    13152    11714     1437
1557585905.000000
        TOTAL    93040    11784    53928    13252    12035     1216
1557585905.000000
        TOTAL    96996    11780    56128    13252    12454      797
1557585906.000000
        TOTAL   102832    11744    60992    13812    12394     1271
1557585907.000000
        TOTAL   108737    20216    63908    13948    12613     1334
1557585909.000000
        TOTAL   108530    11696    67468    13948    12918     1029
1557585910.000000
        TOTAL   107833    11696    68548    13948    13054      893
1557585911.000000
        TOTAL   103799    11696    65808    13948    13148      799
1557585912.000000
        TOTAL   101951    11704    63932    13948    13241      490
1557585913.000000
        TOTAL   102966    11696    65096    13948    13333      398
1557585914.000000
        TOTAL   103614    11696    66500    13948    13418      313
1557585915.000000
        TOTAL   104396    11696    67956    13952    13505      230
1557585916.000000
        TOTAL   105796    11696    70064    14044    13597      230
1557585917.000000
        TOTAL   106855    11696    71620    14132    13688      225
1557585918.000000
        TOTAL   108290    11696    73500    14228    13788      223
1557585919.000000
        TOTAL   109301    11696    74832    14284    12302     1765
1557585920.000000
        TOTAL   108519    11696    74284    14284    12392     1675
1557585921.000000
        TOTAL   110617    11696    76760    14284    12487     1580
1557585922.000000
        TOTAL   111460    11696    78660    14284    12579     1488
1557585924.000000
        TOTAL   112329    11696    79684    14260    12683     1360
1557585925.000000
        TOTAL   115279    11696    83012    14260    12781     1259
1557585926.000000
        TOTAL   114975    11696    83036    14260    12855     1188
1557585927.000000
        TOTAL   115053    11696    83140    14260    12941     1102
1557585928.000000
        TOTAL   115186    11696    83532    14260    13027     1016
1557585929.000000
        TOTAL   114976    11696    83652    14260    13113      930
1557585930.000000
        TOTAL   115179    11696    84276    14260    13199      845
1557585931.000000
        TOTAL   114212    11696    84308    14260    13286      757
1557585932.000000
        TOTAL   114266    11696    84496    14260    13372      671
1557585932.000000
        TOTAL   114574    11696    84708    14260    13459      584
1557585933.000000
        TOTAL   115625    11696    86716    14260    13550      493
1557585934.000000
        TOTAL   115780    11696    86804    14260    13634      409
1557585935.000000
        TOTAL   115347    11696    86876    14260    12327     1715
1557585936.000000
        TOTAL   115371    11696    86892    14260    12413     1630
1557585937.000000
        TOTAL   115199    11696    86912    14260    12503     1540
1557585938.000000
        TOTAL   115609    11696    88276    14260    12587     1456
1557585939.000000
        TOTAL   114357    11696    88276    14260    12680     1363
1557585940.000000
        TOTAL   114096    11696    88024    14260    12760     1283
1557585941.000000
        TOTAL   114176    11696    88168    14260    12845     1198
1557585942.000000
        TOTAL   115137    11696    89696    14260    12936     1107
1557585943.000000
        TOTAL   115173    11696    89732    14260    13022     1021
1557585943.000000
        TOTAL   114697    11696    89244    14260    13106      937
1557585944.000000
        TOTAL   114859    11696    89368    14260    13189      854
1557585945.000000
        TOTAL   115203    11696    89712    14260    13277      766
1557585946.000000
        TOTAL   115901    11696    90556    14260    13370      673
1557585947.000000
        TOTAL   115804    11696    90708    14260    13456      587
1557585948.000000
        TOTAL   115910    11696    90800    14260    13534      509
1557585949.000000
        TOTAL   116734    11696    91620    14260    13623      420
1557585950.000000
        TOTAL   116848    11696    92148    14260    13705      338
1557585951.000000
        TOTAL   117049    11696    92260    14260    12317     1726
1557585952.000000
        TOTAL   117321    11696    92528    14260    12402     1641
1557585953.000000
        TOTAL   117363    11696    92580    14260    12488     1555
1557585954.000000
        TOTAL   118344    11696    93692    14260    12578     1465
1557585955.000000
        TOTAL   118418    11696    93736    14260    12662     1381
1557585955.000000
        TOTAL   118179    11696    93564    14260    12750     1293
1557585956.000000
        TOTAL   118204    11696    93588    14260    12833     1210
1557585957.000000
        TOTAL   118893    11696    94284    14260    12921     1122
1557585958.000000
        TOTAL   120003    11696    95416    14260    13010     1033
1557585959.000000
        TOTAL   120055    11696    95444    14260    13098      945
1557585960.000000
        TOTAL   120083    11696    95468    14260    13179      864
1557585961.000000
        TOTAL   120233    11696    95544    14260    13277      766
1557585962.000000
        TOTAL   122148    11696    97520    14260    13366      677
1557585963.000000
        TOTAL   122206    11696    97524    14260    13448      595
1557585964.000000
        TOTAL   121650    11696    96964    14260    13532      511
1557585965.000000
        TOTAL   121714    11696    97024    14260    13617      426
1557585965.000000
        TOTAL   124116    11700    99504    14260    13706      337
1557585967.000000
        TOTAL   123456    11696    98948    14260    12320     1723
1557585967.000000
        TOTAL   123454    11700    98948    14260    12403     1640
1557585968.000000
        TOTAL   122287    11696    99036    14260    12489     1554
1557585969.000000
        TOTAL   121839    11696    98532    14260    12579     1465
1557585970.000000
        TOTAL   121843    11696    98536    14260    12663     1380
1557585971.000000
        TOTAL   121844    11696    98536    14256    12748     1291
1557585972.000000
        TOTAL   121596    11696    98288    14256    12833     1206
1557585973.000000
        TOTAL   121608    11696    98300    14256    12922     1117
1557585973.000000
        TOTAL   121912    11696    98600    14256    13003     1038
1557585974.000000
        TOTAL   121151    11696    97984    14256    13086      953
1557585975.000000
        TOTAL   121173    11696    98004    14256    13173      866
1557585976.000000
        TOTAL   121297    11696    98128    14256    13254      785
1557585977.000000
        TOTAL   121403    11696    98268    14256    13338      701
1557585978.000000
        TOTAL   121119    11696    97980    14256    13428      612
1557585979.000000
        TOTAL   121171    11696    98032    14256    13508      531
1557585980.000000
        TOTAL   120431    11696    97292    14256    13597      442
1557585981.000000
        TOTAL   117659    11696    94516    14256    13684      355
1557585982.000000
        TOTAL   111991    11696    88772    14256    12320     1719
1557585982.000000
        TOTAL   112103    11696    88884    14256    12402     1637
1557585983.000000
        TOTAL   111985    11696    88768    14256    12493     1546
1557585984.000000
        TOTAL   112053    11696    88836    14256    12576     1463
1557585985.000000
        TOTAL   112077    11696    88848    14256    12660     1379
1557585986.000000
        TOTAL   111597    11696    88368    14256    12746     1293
1557585987.000000
        TOTAL   111641    11696    88412    14256    12833     1206
1557585988.000000
        TOTAL   111739    11700    88508    14256    12919     1120
1557585989.000000
        TOTAL   112149    11696    88916    14256    12999     1040
1557585990.000000
        TOTAL    98541    11696    75292    14256    13083      956
1557585990.000000
        TOTAL    98165    11696    74916    14256    13173      866
1557585991.000000
        TOTAL    98237    11696    74988    14256    13258      781
1557585992.000000
        TOTAL    98669    11696    75416    14256    13344      696
1557585993.000000
        TOTAL    99105    11696    75848    14256    13427      612
1557585994.000000
        TOTAL    98105    11696    74848    14256    13512      527
1557585995.000000
        TOTAL    98213    11696    74956    14256    13598      441
1557585996.000000
        TOTAL    98357    11696    75100    14256    13681      358
1557585997.000000
        TOTAL    98465    11696    75208    14256    12315     1724
1557585998.000000
        TOTAL    98469    11696    75212    14256    12402     1637
1557585999.000000
        TOTAL    98233    11696    74976    14256    12490     1549
1557585999.000000
        TOTAL    97749    11696    74520    14256    12571     1468
1557586000.000000
        TOTAL    97831    11696    74604    14256    12656     1383
1557586001.000000
        TOTAL    97282    11696    74056    14256    12742     1297
1557586002.000000
        TOTAL    97036    11696    73808    14256    12835     1204
1557586003.000000
        TOTAL    97108    11728    73864    14256    12912     1127
1557586004.000000
        TOTAL    97572    11696    74344    14256    13002     1037
1557586005.000000
        TOTAL    96556    11696    73328    14256    13094      945
1557586006.000000
        TOTAL    96580    11696    73352    14256    13166      873
1557586006.000000
        TOTAL    96584    11696    73356    14256    13251      788
1557586007.000000
        TOTAL    96588    11696    73360    14256    13335      705
1557586008.000000
        TOTAL    96480    11696    73252    14256    13419      620
1557586009.000000
        TOTAL    96512    11696    73284    14256    13503      536
1557586010.000000
        TOTAL    95536    11696    72308    14256    13587      452
1557586011.000000
        TOTAL    95736    11696    72508    14256    13723      316
1557586012.000000
        TOTAL    95784    11696    72556    14256    12369     1670
1557586013.000000
        TOTAL    95816    11696    72588    14256    12453     1586
1557586014.000000
        TOTAL    95456    11696    72228    14256    12553     1486
1557586014.000000
        TOTAL    95012    11696    71784    14256    12628     1411
1557586015.000000
        TOTAL    94796    11696    71568    14256    12715     1324
1557586016.000000
        TOTAL    94564    11696    71336    14256    12799     1240
1557586017.000000
        TOTAL    94584    11696    71356    14256    12883     1156
1557586018.000000
        TOTAL    94612    11696    71380    14256    12968     1071
1557586019.000000
        TOTAL    94972    11696    71740    14256    13054      985
1557586020.000000
        TOTAL    93520    11696    70292    14256    13140      888
1557586021.000000
        TOTAL    93592    11696    70356    14256    13236      803
1557586021.000000
        TOTAL    93624    11696    70388    14256    13316      723
1557586022.000000
        TOTAL    93648    11696    70412    14256    13401      638
1557586023.000000
        TOTAL    94016    11696    70780    14256    13488      551
1557586024.000000
        TOTAL    94112    11696    70876    14256    13569      470
1557586025.000000
        TOTAL    93244    11696    69968    14256    13654      385
1557586026.000000
        TOTAL    93348    11696    70072    14256    13738      301
1557586027.000000
        TOTAL    93487    11696    70196    14256    12369     1670
1557586028.000000
        TOTAL    93510    11696    70212    14256    12463     1576
1557586029.000000
        TOTAL    93334    11696    70024    14256    12526     1513
1557586029.000000
        TOTAL    93374    11696    70064    14256    12587     1452
1557586030.000000
        TOTAL    93382    11696    70072    14256    12649     1390
1557586031.000000
        TOTAL    93382    11696    70072    14256    12712     1327
1557586032.000000
        TOTAL    93102    11696    69792    14256    12773     1266
1557586033.000000
        TOTAL    93106    11696    69796    14256    12833     1206
1557586033.000000
