        TOTAL    22241    12584     8436     9124     8779      344
1557577071.000000
        TOTAL    32529    12056    14720    10176    10087       88
1557577072.000000
        TOTAL    44357    11868    21116    11720    11321      398
1557577073.000000
        TOTAL    52323    11784    26648    11972    11408      563
1557577074.000000
        TOTAL    57245    11776    30020    12084    11192      891
1557577075.000000
        TOTAL    60180    11776    32936    12288    11486      801
1557577076.000000
        TOTAL    64145    11764    36244    12964    11272     1691
1557577077.000000
        TOTAL    68825    11780    43264    12964    11415     1548
1557577078.000000
        TOTAL    78571    11788    52480    12964    11572     1391
1557577079.000000
        TOTAL    81603    11788    54792    13176    11786     1389
1557577080.000000
        TOTAL    84294    11772    55820    13216    12340      875
1557577080.000000
        TOTAL    88298    11760    58100    13572    12775      796
1557577081.000000
        TOTAL    90202    11716    60992    13740    12267     1428
1557577083.000000
        TOTAL    85903    11696    63416    13764    12609     1110
1557577084.000000
        TOTAL    81081    11696    61076    13788    12782      961
1557577085.000000
        TOTAL    82485    11704    62956    13800    12949      806
1557577087.000000
        TOTAL    82548    11696    63584    13804    13051      644
1557577088.000000
        TOTAL    82027    11696    64768    13816    13158      549
1557577089.000000
        TOTAL    83742    11696    66008    13816    13251      456
1557577090.000000
        TOTAL    82491    11696    64980    13828    13345      374
1557577092.000000
        TOTAL    82797    11696    65664    13840    13444      287
1557577093.000000
        TOTAL    82497    11696    66012    13932    13550      273
1557577095.000000
        TOTAL    82147    11692    67048    14044    13676      256
1557577096.000000
        TOTAL    82386    11692    67172    14112    12179     1824
1557577097.000000
        TOTAL    82720    11692    67500    14112    12267     1736
1557577098.000000
        TOTAL    82544    11692    67512    14112    12354     1649
1557577099.000000
        TOTAL    82568    11692    67512    14112    12440     1563
1557577100.000000
        TOTAL    81696    11692    66444    14112    12525     1478
1557577101.000000
        TOTAL    78187    11692    62712    14112    12613     1390
1557577102.000000
        TOTAL    78749    11692    63012    14112    12701     1302
1557577103.000000
        TOTAL    78824    11692    63128    14112    12788     1215
1557577104.000000
        TOTAL    79188    11692    63492    14112    12871     1132
1557577104.000000
        TOTAL    79618    11692    63908    14112    12957     1046
1557577105.000000
        TOTAL    80204    11692    64296    14112    13046      957
1557577106.000000
        TOTAL    79213    11692    63256    14112    13129      874
1557577107.000000
        TOTAL    76633    11692    60652    14112    13215      788
1557577108.000000
        TOTAL    77121    11692    61116    14112    13301      702
1557577109.000000
        TOTAL    77821    11692    61816    14112    13390      613
1557577110.000000
        TOTAL    78077    11692    62072    14112    13472      531
1557577111.000000
        TOTAL    78163    11692    62156    14112    13560      443
1557577112.000000
        TOTAL    78344    11692    62268    14112    12213     1790
1557577113.000000
        TOTAL    78465    11692    62416    14112    12304     1699
1557577114.000000
        TOTAL    78485    11692    62452    14112    12386     1617
1557577114.000000
        TOTAL    78485    11692    62452    14112    12470     1533
1557577115.000000
        TOTAL    78489    11692    62456    14112    12556     1447
1557577116.000000
        TOTAL    78877    11692    62900    14112    12644     1359
1557577117.000000
        TOTAL    79086    11692    63064    14112    12726     1277
1557577118.000000
        TOTAL    78846    11692    62812    14112    12811     1192
1557577119.000000
        TOTAL    78878    11692    62836    14112    12896     1107
1557577120.000000
        TOTAL    78886    11692    62844    14112    12983     1020
1557577121.000000
        TOTAL    79330    11692    63280    14112    13066      937
1557577121.000000
        TOTAL    79006    11692    62956    14112    13151      852
1557577122.000000
        TOTAL    79070    11692    63020    14112    13236      767
1557577123.000000
        TOTAL    79110    11692    63044    14112    13318      685
1557577124.000000
        TOTAL    79295    11692    63240    14112    13406      597
1557577125.000000
        TOTAL    79928    11692    63872    14112    13495      508
1557577126.000000
        TOTAL    80008    11692    63948    14112    13577      426
1557577127.000000
        TOTAL    80177    11692    64076    14112    12204     1799
1557577128.000000
        TOTAL    80207    11692    64104    14112    12292     1711
1557577129.000000
        TOTAL    80519    11692    64416    14112    12376     1627
1557577130.000000
        TOTAL    80523    11692    64420    14112    12463     1540
1557577130.000000
        TOTAL    80523    11692    64420    14112    12548     1455
1557577131.000000
        TOTAL    80323    11692    64220    14108    12636     1363
1557577132.000000
        TOTAL    80393    11692    64232    14108    12731     1268
1557577133.000000
        TOTAL    80989    11692    64820    14108    12816     1183
1557577134.000000
        TOTAL    80993    11692    64824    14108    12902     1097
1557577135.000000
        TOTAL    81001    11692    64832    14108    12987     1012
1557577136.000000
        TOTAL    81005    11692    64836    14108    13073      926
1557577137.000000
        TOTAL    81387    11692    65216    14108    13161      838
1557577138.000000
        TOTAL    81391    11692    65220    14108    13243      756
1557577138.000000
        TOTAL    81407    11692    65232    14108    13328      671
1557577139.000000
        TOTAL    81001    11692    64856    14108    13414      585
1557577140.000000
        TOTAL    81301    11692    65156    14108    13500      499
1557577141.000000
        TOTAL    81877    11692    65728    14108    13585      414
1557577142.000000
        TOTAL    81953    11692    65804    14108    12206     1793
1557577143.000000
        TOTAL    81981    11692    65832    14108    12293     1706
1557577144.000000
        TOTAL    82037    11692    65888    14108    12377     1622
1557577145.000000
        TOTAL    82550    11692    66080    14108    12462     1537
1557577146.000000
        TOTAL    82610    11692    66140    14108    12548     1451
1557577146.000000
        TOTAL    82998    11692    66376    14108    12638     1361
1557577147.000000
        TOTAL    82810    11692    66188    14108    12719     1280
1557577148.000000
        TOTAL    82842    11692    66220    14108    12802     1197
1557577149.000000
        TOTAL    82938    11692    66312    14108    12888     1111
1557577150.000000
        TOTAL    82967    11692    66340    14108    12972     1027
1557577151.000000
        TOTAL    82987    11692    66360    14108    13057      942
1557577152.000000
        TOTAL    83009    11692    66380    14108    13143      856
1557577153.000000
        TOTAL    83033    11692    66404    14108    13228      771
1557577154.000000
        TOTAL    83061    11692    66432    14108    13316      683
1557577154.000000
        TOTAL    83089    11692    66460    14108    13396      603
1557577155.000000
        TOTAL    82601    11692    65968    14108    13482      517
1557577156.000000
        TOTAL    82769    11692    66136    14108    13568      431
1557577157.000000
        TOTAL    82821    11692    66188    14108    12202     1797
1557577158.000000
        TOTAL    82969    11692    66336    14108    12287     1712
1557577159.000000
        TOTAL    82993    11692    66356    14108    12376     1623
1557577160.000000
        TOTAL    83129    11692    66488    14108    12459     1540
1557577161.000000
        TOTAL    83149    11692    66508    14108    12543     1456
1557577161.000000
        TOTAL    79081    11692    62440    14108    12631     1368
1557577162.000000
        TOTAL    78817    11692    62176    14108    12723     1276
1557577163.000000
        TOTAL    78841    11692    62200    14108    12805     1194
1557577164.000000
        TOTAL    79500    11692    62860    14108    12891     1108
1557577165.000000
        TOTAL    79516    11692    62876    14108    12974     1025
1557577166.000000
        TOTAL    77324    11692    60676    14108    13061      938
1557577167.000000
        TOTAL    77480    11692    60832    14108    13145      854
1557577168.000000
        TOTAL    77560    11692    60908    14108    13230      769
1557577169.000000
        TOTAL    78244    11692    61592    14108    13316      683
1557577170.000000
        TOTAL    78304    11692    61652    14108    13398      601
1557577170.000000
        TOTAL    77824    11692    61172    14108    13483      516
1557577171.000000
        TOTAL    78292    11692    61640    14108    13567      432
1557577172.000000
        TOTAL    78492    11692    61840    14108    12205     1794
1557577173.000000
        TOTAL    78500    11692    61848    14108    12290     1709
1557577174.000000
        TOTAL    78500    11692    61848    14108    12377     1622
1557577175.000000
        TOTAL    78008    11692    61356    14108    12463     1536
1557577176.000000
        TOTAL    78036    11692    61384    14108    12549     1450
1557577177.000000
        TOTAL    78234    11692    61580    14096    12633     1354
1557577178.000000
        TOTAL    77774    11692    61120    14096    12719     1268
1557577178.000000
        TOTAL    77798    11692    61144    14096    12803     1184
1557577179.000000
        TOTAL    77802    11692    61148    14096    12886     1101
1557577180.000000
        TOTAL    77982    11692    61328    14096    12971     1016
1557577181.000000
        TOTAL    77766    11692    61112    14096    13057      930
1557577182.000000
        TOTAL    77778    11692    61124    14096    13142      845
1557577183.000000
        TOTAL    77782    11692    61128    14096    13226      761
1557577184.000000
        TOTAL    77798    11692    61144    14096    13311      676
1557577185.000000
        TOTAL    77846    11692    61192    14096    13396      591
1557577186.000000
        TOTAL    77898    11692    61244    14096    13481      506
1557577186.000000
        TOTAL    77838    11692    61184    14096    13565      422
1557577187.000000
        TOTAL    77910    11692    61256    14096    12202     1785
1557577188.000000
        TOTAL    77922    11692    61264    14096    12288     1699
1557577189.000000
        TOTAL    77922    11692    61264    14096    12374     1613
1557577190.000000
        TOTAL    77922    11692    61264    14096    12461     1526
1557577191.000000
        TOTAL    77922    11692    61264    14096    12545     1442
1557577192.000000
        TOTAL    78050    11692    61392    14096    12633     1355
1557577193.000000
        TOTAL    77894    11692    61236    14096    12727     1260
1557577193.000000
        TOTAL    77922    11692    61264    14096    12811     1176
1557577194.000000
        TOTAL    77942    11692    61284    14096    12894     1093
1557577195.000000
        TOTAL    77978    11692    61320    14096    12982     1005
1557577196.000000
        TOTAL    78000    11692    61340    14096    13063      924
1557577197.000000
        TOTAL    77932    11692    61272    14096    13149      838
1557577198.000000
        TOTAL    78156    11692    61456    14096    13281      706
1557577199.000000
        TOTAL    78180    11692    61480    14096    13365      622
1557577200.000000
        TOTAL    78221    11692    61520    14096    13451      536
1557577200.000000
        TOTAL    78373    11692    61644    14096    13540      447
1557577201.000000
        TOTAL    78025    11692    61292    14096    13624      363
1557577202.000000
        TOTAL    78181    11692    61448    14096    12255     1732
1557577203.000000
        TOTAL    78225    11692    61492    14096    12341     1646
1557577204.000000
        TOTAL    78511    11692    61740    14096    12411     1576
1557577205.000000
        TOTAL    78547    11692    61776    14096    12471     1516
1557577206.000000
        TOTAL    78547    11692    61776    14096    12532     1455
1557577206.000000
        TOTAL    78895    11692    62124    14096    12595     1392
1557577207.000000
        TOTAL    78495    11692    61888    14096    12656     1331
1557577208.000000
        TOTAL    78499    11692    61892    14096    12717     1270
1557577209.000000
        TOTAL    77903    11692    62060    14096    12704     1283
1557577210.000000
        TOTAL    77907    11692    62064    14096    12764     1223
1557577210.000000
        TOTAL    77911    11692    62068    14096    12825     1162
1557577211.000000
