        TOTAL    15987    12696     6476     8572     8319      252
1557576037.000000
        TOTAL    27307    12164    11564     9508     9405      102
1557576038.000000
        TOTAL    43266    11924    20872    10804    10743       60
1557576039.000000
        TOTAL    51430    11848    26080    12048    11390      657
1557576039.000000
        TOTAL    55165    11780    28840    12052    11088      963
1557576040.000000
        TOTAL    56940    11776    30496    12292    11561      730
1557576041.000000
        TOTAL    61043    11784    34132    12888    12494      393
1557576042.000000
        TOTAL    68058    11760    39136    12904    11589     1314
1557576043.000000
        TOTAL    72469    11768    44052    12904    11761     1018
1557576044.000000
        TOTAL    78942    11784    52808    12988    12188      799
1557576045.000000
        TOTAL    81640    11784    54924    13076    12100      975
1557576046.000000
        TOTAL    83448    11768    55968    13076    12533      542
1557576046.000000
        TOTAL    88765    11736    58544    13548    13075      340
1557576047.000000
        TOTAL    90063    11704    62644    13756    12514     1241
1557576049.000000
        TOTAL    86825    11684    64156    13756    12795      960
1557576050.000000
        TOTAL    81795    11684    62264    13756    13024      731
1557576051.000000
        TOTAL    81860    11684    63880    13756    13145      610
1557576053.000000
        TOTAL    82270    11684    64816    13756    13252      371
1557576054.000000
        TOTAL    82028    11684    65732    13808    13354      321
1557576055.000000
        TOTAL    81692    11684    65396    13892    13436      323
1557576057.000000
        TOTAL    81048    11684    64800    13960    12170     1657
1557576058.000000
        TOTAL    81288    11684    65628    13960    12255     1572
1557576059.000000
        TOTAL    80321    11684    65904    13960    12363     1464
1557576061.000000
        TOTAL    80760    11684    66180    13960    12453     1373
1557576062.000000
        TOTAL    80706    11680    66176    13960    12561     1266
1557576063.000000
        TOTAL    81127    11680    66288    13960    12648     1179
1557576064.000000
        TOTAL    81077    11680    66296    13960    12739     1088
1557576065.000000
        TOTAL    80083    11680    65248    13960    12823     1004
1557576066.000000
        TOTAL    77015    11680    61908    13960    12913      914
1557576067.000000
        TOTAL    76776    11680    61668    13960    12998      829
1557576068.000000
        TOTAL    77052    11680    61988    13960    13090      737
1557576069.000000
        TOTAL    77228    11680    62260    13960    13178      649
1557576070.000000
        TOTAL    78252    11680    63044    13960    13263      564
1557576071.000000
        TOTAL    78717    11680    63180    13960    13349      478
1557576072.000000
        TOTAL    77933    11680    62352    13960    13436      391
1557576073.000000
        TOTAL    75697    11680    60092    13984    13522      329
1557576074.000000
        TOTAL    76823    11680    61112    14040    12213     1694
1557576075.000000
        TOTAL    76855    11680    61144    14040    12299     1608
1557576076.000000
        TOTAL    77023    11680    61312    14040    12388     1519
1557576077.000000
        TOTAL    77051    11680    61340    14040    12470     1437
1557576078.000000
        TOTAL    77620    11680    61904    14040    12556     1351
1557576078.000000
        TOTAL    77317    11680    61708    14028    12645     1250
1557576079.000000
        TOTAL    77322    11680    61712    14028    12731     1164
1557576080.000000
        TOTAL    77346    11680    61736    14028    12816     1079
1557576081.000000
        TOTAL    77350    11680    61740    14028    12900      995
1557576082.000000
        TOTAL    77752    11680    62148    14028    12989      906
1557576083.000000
        TOTAL    78124    11680    62476    14028    13074      821
1557576084.000000
        TOTAL    77980    11680    62288    14028    13159      736
1557576085.000000
        TOTAL    78028    11680    62304    14028    13244      651
1557576086.000000
        TOTAL    78073    11680    62348    14028    13329      566
1557576086.000000
        TOTAL    78421    11680    62676    14028    13414      481
1557576087.000000
        TOTAL    78329    11680    62584    14028    13497      398
1557576088.000000
        TOTAL    78465    11680    62700    14040    13586      321
1557576089.000000
        TOTAL    78584    11680    62788    14096    12202     1761
1557576090.000000
        TOTAL    78785    11680    62984    14096    12291     1672
1557576091.000000
        TOTAL    79313    11680    63508    14096    12374     1589
1557576092.000000
        TOTAL    79313    11680    63508    14096    12463     1500
1557576093.000000
        TOTAL    79226    11680    63416    14096    12551     1412
1557576094.000000
        TOTAL    79051    11680    63240    14096    12634     1329
1557576094.000000
        TOTAL    79459    11680    63648    14096    12719     1244
1557576095.000000
        TOTAL    79467    11680    63656    14096    12804     1159
1557576096.000000
        TOTAL    79475    11680    63664    14096    12889     1074
1557576097.000000
        TOTAL    79879    11680    64068    14096    12973      990
1557576098.000000
        TOTAL    80107    11680    64240    14096    13067      896
1557576099.000000
        TOTAL    80343    11680    64468    14096    13152      811
1557576100.000000
        TOTAL    80351    11680    64476    14096    13237      726
1557576101.000000
        TOTAL    80359    11680    64484    14096    13322      641
1557576102.000000
        TOTAL    80419    11680    64544    14096    13410      553
1557576102.000000
        TOTAL    80723    11680    64844    14096    13498      465
1557576103.000000
        TOTAL    80779    11680    64900    14096    13579      384
1557576104.000000
        TOTAL    80853    11680    64968    14100    12202     1765
1557576105.000000
        TOTAL    80877    11680    64992    14100    12289     1678
1557576106.000000
        TOTAL    81229    11680    65344    14100    12373     1594
1557576107.000000
        TOTAL    81397    11680    65528    14100    12459     1508
1557576108.000000
        TOTAL    81421    11680    65548    14100    12545     1422
1557576109.000000
        TOTAL    81201    11680    65328    14100    12629     1338
1557576110.000000
        TOTAL    81229    11680    65352    14100    12715     1252
1557576110.000000
        TOTAL    81701    11680    65500    14100    12799     1168
1557576111.000000
        TOTAL    81757    11680    65556    14100    12885     1082
1557576112.000000
        TOTAL    81781    11680    65580    14100    12972      995
1557576113.000000
        TOTAL    81805    11680    65604    14100    13058      909
1557576114.000000
        TOTAL    81837    11680    65636    14100    13142      826
1557576115.000000
        TOTAL    81914    11680    65708    14100    13230      737
1557576116.000000
        TOTAL    81938    11680    65732    14100    13314      653
1557576117.000000
        TOTAL    81986    11680    65780    14100    13396      571
1557576117.000000
        TOTAL    82126    11680    65920    14100    13480      487
1557576118.000000
        TOTAL    82214    11680    66008    14100    13565      402
1557576119.000000
        TOTAL    82241    11680    66072    14100    12205     1762
1557576120.000000
        TOTAL    82265    11680    66096    14100    12290     1677
1557576121.000000
        TOTAL    82293    11680    66124    14100    12375     1592
1557576122.000000
        TOTAL    82309    11680    66140    14100    12459     1508
1557576123.000000
        TOTAL    82325    11680    66156    14100    12547     1420
1557576124.000000
        TOTAL    82345    11680    66176    14100    12631     1336
1557576125.000000
        TOTAL    82156    11680    65988    14100    12718     1249
1557576125.000000
        TOTAL    82204    11680    66032    14100    12802     1165
1557576126.000000
        TOTAL    79500    11680    63328    14100    12888     1079
1557576127.000000
        TOTAL    78080    11680    61904    14100    12973      994
1557576128.000000
        TOTAL    78152    11680    61976    14100    13057      910
1557576129.000000
        TOTAL    78176    11680    62000    14100    13143      824
1557576130.000000
        TOTAL    78808    11680    62632    14100    13231      736
1557576131.000000
        TOTAL    76760    11680    60584    14100    13312      655
1557576132.000000
        TOTAL    77080    11680    60904    14100    13408      559
1557576133.000000
        TOTAL    77200    11680    61024    14100    13539      428
1557576134.000000
        TOTAL    77444    11688    61260    14100    13623      344
1557576135.000000
        TOTAL    78092    11680    61908    14100    12257     1710
1557576135.000000
        TOTAL    77592    11680    61408    14100    12343     1624
1557576136.000000
        TOTAL    77596    11680    61412    14100    12428     1539
1557576137.000000
        TOTAL    78076    11680    61892    14100    12513     1454
1557576138.000000
        TOTAL    78148    11680    61964    14100    12599     1368
1557576139.000000
        TOTAL    78152    11680    61968    14096    12687     1276
1557576140.000000
        TOTAL    77868    11680    61684    14096    12769     1194
1557576141.000000
        TOTAL    77320    11680    61136    14096    12855     1108
1557576142.000000
        TOTAL    77380    11680    61196    14096    12941     1022
1557576142.000000
        TOTAL    77844    11680    61660    14096    13030      933
1557576143.000000
        TOTAL    77848    11680    61664    14096    13112      851
1557576144.000000
        TOTAL    77852    11680    61668    14096    13198      765
1557576145.000000
        TOTAL    77384    11680    61200    14096    13285      678
1557576146.000000
        TOTAL    77440    11680    61256    14096    13365      598
1557576147.000000
        TOTAL    77480    11680    61292    14096    13451      512
1557576148.000000
        TOTAL    76382    11684    60192    14096    13535      428
1557576149.000000
        TOTAL    77992    11680    61804    14096    13620      343
1557576150.000000
        TOTAL    78044    11680    61856    14096    12259     1704
1557576150.000000
        TOTAL    78080    11680    61892    14096    12341     1622
1557576151.000000
        TOTAL    77568    11680    61380    14096    12427     1536
1557576152.000000
        TOTAL    77976    11680    61788    14096    12516     1447
1557576153.000000
        TOTAL    77976    11680    61788    14096    12602     1361
1557576154.000000
        TOTAL    77969    11680    61780    14096    12691     1272
1557576155.000000
        TOTAL    77745    11680    61556    14096    12771     1192
1557576156.000000
        TOTAL    77213    11680    61024    14096    12858     1105
1557576157.000000
        TOTAL    77497    11680    61308    14096    12944     1019
1557576157.000000
        TOTAL    77205    11680    61016    14096    13025      938
1557576158.000000
        TOTAL    77245    11680    61056    14096    13121      842
1557576159.000000
        TOTAL    77265    11680    61076    14096    13206      757
1557576160.000000
        TOTAL    77298    11680    61108    14096    13290      673
1557576161.000000
        TOTAL    77331    11680    61140    14096    13375      588
1557576162.000000
        TOTAL    77391    11680    61200    14096    13462      501
1557576163.000000
        TOTAL    77371    11680    61180    14096    13546      417
1557576164.000000
        TOTAL    77487    11680    61296    14096    13630      333
1557576164.000000
        TOTAL    77619    11680    61388    14096    12257     1706
1557576165.000000
        TOTAL    77667    11680    61436    14096    12346     1617
1557576166.000000
        TOTAL    77735    11680    61476    14096    12428     1535
1557576167.000000
        TOTAL    77639    11680    61376    14096    12515     1448
1557576168.000000
        TOTAL    77695    11680    61432    14096    12603     1360
1557576169.000000
        TOTAL    77635    11680    61372    14088    12686     1269
1557576170.000000
        TOTAL    77739    11680    61448    14088    12746     1209
1557576171.000000
        TOTAL    77743    11680    61452    14088    12808     1147
1557576171.000000
        TOTAL    77748    11680    61456    14088    12868     1087
1557576172.000000
        TOTAL    77752    11680    61460    14088    12929     1026
1557576173.000000
        TOTAL    78160    11680    61868    14088    12990      965
1557576174.000000
        TOTAL    78164    11680    61872    14088    13051      904
1557576174.000000
        TOTAL    77579    11680    62040    14088    13037      918
1557576175.000000
        TOTAL    77583    11680    62044    14088    13098      857
1557576176.000000
        TOTAL    77588    11680    62048    14088    13158      797
1557576177.000000
        TOTAL    77612    11680    62072    14088    13219      736
1557576178.000000
