        TOTAL    16247    12692     6488     8576     8316      258
1557576850.000000
        TOTAL    26088    12208    10680     9524     9344      179
1557576852.000000
        TOTAL    40223    11876    18316    10764     9965      798
1557576853.000000
        TOTAL    50752    11852    25548    12112    10546     1565
1557576854.000000
        TOTAL    55916    11784    28900    12112    11617      494
1557576854.000000
        TOTAL    58374    11776    30576    12340    11432      907
1557576855.000000
        TOTAL    64971    11760    34944    13044    11354     1552
1557576856.000000
        TOTAL    69512    11760    40056    13044    11419     1492
1557576857.000000
        TOTAL    74058    11768    45400    13044    11620     1291
1557576858.000000
        TOTAL    80767    11776    53588    13208    11881     1326
1557576859.000000
        TOTAL    83428    11776    55420    13208    12100     1107
1557576860.000000
        TOTAL    86641    11764    57208    13584    12548     1035
1557576860.000000
        TOTAL    90425    11720    59396    13856    13041      282
1557576862.000000
        TOTAL    86446    11720    63460    13960    12591     1144
1557576863.000000
        TOTAL    82078    11692    64504    13972    12797      950
1557576865.000000
        TOTAL    81224    11692    63616    13984    12963      796
1557576866.000000
        TOTAL    82202    11692    64452    13992    13108      527
1557576868.000000
        TOTAL    82838    11692    65552    14004    13212      435
1557576869.000000
        TOTAL    83459    11692    67100    14004    13312      335
1557576870.000000
        TOTAL    82948    11692    66316    14056    13414      285
1557576872.000000
        TOTAL    82140    11700    66456    14148    13508      283
1557576873.000000
        TOTAL    81531    11692    66844    14244    13604      283
1557576874.000000
        TOTAL    82452    11692    67256    14336    13698      281
1557576875.000000
        TOTAL    82244    11692    66904    14400    12195     1848
1557576876.000000
        TOTAL    81932    11692    66996    14400    12288     1755
1557576877.000000
        TOTAL    82460    11688    67652    14400    12392     1651
1557576879.000000
        TOTAL    80582    11688    66912    14400    12492     1552
1557576880.000000
        TOTAL    75950    11688    62080    14400    12599     1444
1557576882.000000
        TOTAL    76402    11688    62648    14400    12721     1322
1557576884.000000
        TOTAL    76290    11688    62840    14400    12831     1212
1557576886.000000
        TOTAL    77344    11688    63648    14400    12926     1117
1557576887.000000
        TOTAL    77242    11688    63124    14400    13024     1019
1557576888.000000
        TOTAL    74793    11688    60760    14400    13115      928
1557576890.000000
        TOTAL    75726    11688    61436    14400    13208      835
1557576891.000000
        TOTAL    75955    11688    61580    14400    13294      749
1557576892.000000
        TOTAL    76394    11688    62160    14400    13388      655
1557576893.000000
        TOTAL    76910    11688    62700    14400    13484      559
1557576894.000000
        TOTAL    76047    11688    62488    14400    12233     1810
1557576897.000000
        TOTAL    75830    11692    62868    14400    12329     1714
1557576898.000000
        TOTAL    76117    11688    62716    14400    12433     1610
1557576900.000000
        TOTAL    76915    11688    62904    14400    12533     1510
1557576901.000000
        TOTAL    76794    11688    62836    14400    12627     1416
1557576902.000000
        TOTAL    76960    11688    63032    14400    12732     1311
1557576904.000000
        TOTAL    77093    11688    63052    14400    12821     1222
1557576905.000000
        TOTAL    77133    11692    63244    14400    12914     1129
1557576906.000000
        TOTAL    77317    11688    63680    14400    13010     1033
1557576907.000000
        TOTAL    77323    11688    63788    14400    13100      943
1557576908.000000
        TOTAL    77641    11688    63840    14400    13191      852
1557576910.000000
        TOTAL    78410    11688    64364    14400    13281      762
1557576911.000000
        TOTAL    77939    11688    64112    14400    13378      665
1557576912.000000
        TOTAL    78060    11688    64168    14400    13475      568
1557576913.000000
        TOTAL    78913    11688    64948    14400    13574      469
1557576914.000000
        TOTAL    79179    11688    65016    14400    12228     1815
1557576915.000000
        TOTAL    79185    11688    65024    14400    12315     1728
1557576916.000000
        TOTAL    79197    11688    65032    14400    12403     1640
1557576917.000000
        TOTAL    79067    11688    64860    14400    12488     1553
1557576918.000000
        TOTAL    79607    11688    65376    14400    12576     1467
1557576919.000000
        TOTAL    79439    11688    65208    14392    12661     1374
1557576920.000000
        TOTAL    79576    11688    65312    14392    12747     1288
1557576921.000000
        TOTAL    79593    11688    65328    14392    12831     1204
1557576921.000000
        TOTAL    79908    11688    65624    14392    12920     1115
1557576922.000000
        TOTAL    80129    11688    65792    14392    13004     1031
1557576923.000000
        TOTAL    80143    11688    65804    14392    13089      946
1557576924.000000
        TOTAL    80167    11688    65828    14392    13173      862
1557576925.000000
        TOTAL    80283    11688    65944    14392    13259      776
1557576926.000000
        TOTAL    80375    11688    65676    14392    13345      690
1557576927.000000
        TOTAL    80383    11688    65756    14392    13435      600
1557576928.000000
        TOTAL    80453    11688    65928    14392    13524      511
1557576929.000000
        TOTAL    80584    11688    66092    14392    13620      415
1557576930.000000
        TOTAL    80836    11688    66196    14392    12223     1812
1557576931.000000
        TOTAL    80064    11688    66224    14392    12313     1722
1557576932.000000
        TOTAL    80712    11688    66460    14392    12403     1632
1557576933.000000
        TOTAL    81756    11688    66788    14392    12490     1545
1557576934.000000
        TOTAL    80582    11688    66884    14392    12594     1441
1557576936.000000
        TOTAL    79727    11688    66812    14392    12711     1324
1557576938.000000
        TOTAL    79121    11688    66888    14392    12816     1219
1557576940.000000
        TOTAL    79490    11688    66916    14392    12911     1124
1557576941.000000
        TOTAL    77149    11688    63660    14392    13000     1035
1557576942.000000
        TOTAL    76716    11688    62836    14392    13089      946
1557576943.000000
        TOTAL    76788    11688    62904    14392    13172      863
1557576943.000000
        TOTAL    76964    11688    63068    14392    13254      781
1557576944.000000
        TOTAL    77621    11688    63720    14392    13344      691
1557576945.000000
        TOTAL    74980    11688    60972    14392    13427      608
1557576946.000000
        TOTAL    75196    11688    61188    14392    13508      527
1557576947.000000
        TOTAL    75364    11688    61348    14392    13594      441
1557576948.000000
        TOTAL    75950    11688    61828    14392    12231     1807
1557576949.000000
        TOTAL    76238    11688    62116    14392    12315     1720
1557576950.000000
        TOTAL    76256    11692    62116    14392    12402     1633
1557576951.000000
        TOTAL    75966    11688    61624    14392    12488     1547
1557576952.000000
        TOTAL    76482    11688    61764    14392    12578     1457
1557576952.000000
        TOTAL    76254    11688    61532    14392    12661     1374
1557576953.000000
        TOTAL    76158    11688    61436    14392    12751     1284
1557576954.000000
        TOTAL    76238    11688    61496    14392    12832     1203
1557576955.000000
        TOTAL    76250    11688    61504    14392    12917     1118
1557576956.000000
        TOTAL    76258    11688    61512    14392    13002     1033
1557576957.000000
        TOTAL    76252    11688    61544    14392    13087      948
1557576958.000000
        TOTAL    75946    11688    61420    14392    13174      861
1557576959.000000
        TOTAL    75978    11688    61448    14392    13258      777
1557576960.000000
        TOTAL    76186    11688    61616    14392    13350      685
1557576961.000000
        TOTAL    76221    11688    61652    14392    13430      605
1557576961.000000
        TOTAL    76222    11688    61712    14392    13516      519
1557576962.000000
        TOTAL    76278    11688    61768    14392    13602      433
1557576963.000000
        TOTAL    76030    11688    61600    14392    12223     1812
1557576964.000000
        TOTAL    75984    11688    61648    14392    12314     1721
1557576965.000000
        TOTAL    75951    11688    61648    14392    12405     1630
1557576967.000000
        TOTAL    75702    11688    61652    14392    12495     1540
1557576968.000000
        TOTAL    74483    11688    61216    14364    12603     1404
1557576970.000000
        TOTAL    73392    11688    61264    14364    12705     1302
1557576971.000000
        TOTAL    73571    11688    61280    14364    12797     1207
1557576972.000000
        TOTAL    74523    11688    61516    14364    12903     1104
1557576973.000000
        TOTAL    74384    11688    61468    14364    13002     1005
1557576975.000000
        TOTAL    73982    11688    61496    14364    13096      911
1557576976.000000
        TOTAL    73816    11688    61540    14364    13189      815
1557576977.000000
        TOTAL    73679    11692    61584    14364    13282      725
1557576978.000000
        TOTAL    74759    11688    61764    14364    13372      635
1557576980.000000
        TOTAL    74822    11688    61832    14364    13467      540
1557576981.000000
        TOTAL    75379    11688    62096    14364    13607      400
1557576982.000000
        TOTAL    74994    11688    61692    14364    12288     1719
1557576983.000000
        TOTAL    74844    11688    61728    14364    12383     1624
1557576985.000000
        TOTAL    75665    11688    62284    14364    12510     1498
1557576986.000000
        TOTAL    76836    11688    62224    14360    12615     1388
1557576988.000000
        TOTAL    75268    11688    62116    14360    12676     1327
1557576990.000000
        TOTAL    74705    11684    62208    14360    12791     1212
1557576991.000000
        TOTAL    73450    11684    62212    14360    12852     1151
1557576992.000000
        TOTAL    73401    11684    62216    14360    12914     1089
1557576993.000000
        TOTAL    73407    11684    62224    14360    12975     1028
1557576994.000000
        TOTAL    73415    11684    62228    14360    13035      968
1557576995.000000
        TOTAL    73149    11684    61792    14360    13097      906
1557576996.000000
        TOTAL    73102    11684    61800    14360    13157      846
1557576997.000000
        TOTAL    72940    11684    61804    14360    13218      785
1557576997.000000
        TOTAL    72948    11684    61808    14360    13279      724
1557576998.000000
