        TOTAL    23119    12640     8016     8896     8535      360
1557585201.000000
        TOTAL    32849    12048    14124    10044     9907      136
1557585202.000000
        TOTAL    49699    11840    23244    11800    11405      394
1557585203.000000
        TOTAL    61244    11780    29924    12196    11038     1157
1557585204.000000
        TOTAL    69967    11768    34212    13008    11279     1728
1557585205.000000
        TOTAL    80703    11784    43148    13008    11556     1451
1557585206.000000
        TOTAL    93759    11792    53236    13008    11842     1165
1557585207.000000
        TOTAL    97848    11744    56420    13188    12900      287
1557585208.000000
        TOTAL   102311    11732    59532    13788    12486     1299
1557585209.000000
        TOTAL   104771    11716    63132    13924    12640     1283
1557585210.000000
        TOTAL   110867    11696    66836    13924    12810     1113
1557585211.000000
        TOTAL   114608    11696    70556    13924    12987      860
1557585212.000000
        TOTAL   112211    11704    68088    13924    13081      634
1557585213.000000
        TOTAL   115406    11696    71244    13924    13190      525
1557585215.000000
        TOTAL   116258    11696    72116    13924    13281      434
1557585216.000000
        TOTAL   117878    11696    73704    13924    13380      335
1557585217.000000
        TOTAL   119825    11696    75640    13924    13473      242
1557585219.000000
        TOTAL   121681    11696    78072    13924    13561      154
1557585220.000000
        TOTAL   123417    11696    79804    14004    13655      140
1557585221.000000
        TOTAL   125053    11696    81580    14096    12366     1521
1557585222.000000
        TOTAL   126617    11696    83996    14096    12321     1570
1557585223.000000
        TOTAL   125217    11696    82976    14096    12413     1474
1557585224.000000
        TOTAL   124212    11704    81964    14096    12499     1388
1557585225.000000
        TOTAL   124264    11696    82016    14096    12585     1302
1557585226.000000
        TOTAL   124648    11696    82400    14096    12676     1211
1557585227.000000
        TOTAL   125855    11696    83752    14096    12764     1123
1557585228.000000
        TOTAL   118623    11696    76520    14096    12848     1039
1557585229.000000
        TOTAL   117683    11696    75580    14096    12935      952
1557585230.000000
        TOTAL   118751    11696    76648    14096    13028      859
1557585231.000000
        TOTAL   119571    11696    77468    14096    13112      775
1557585232.000000
        TOTAL   119471    11696    77564    14096    13197      690
1557585233.000000
        TOTAL   119503    11696    77596    14096    13281      606
1557585234.000000
        TOTAL   119545    11696    77764    14096    13370      517
1557585235.000000
        TOTAL   120701    11696    78960    14096    13457      433
1557585236.000000
        TOTAL   121737    11696    79992    14096    13554      333
1557585236.000000
        TOTAL   121817    11696    80072    14112    13626      277
1557585237.000000
        TOTAL   121820    11696    80128    14168    12265     1694
1557585238.000000
        TOTAL   122348    11696    80656    14168    12357     1602
1557585239.000000
        TOTAL   122480    11696    80796    14168    12441     1518
1557585240.000000
        TOTAL   122896    11696    81208    14168    12529     1430
1557585241.000000
        TOTAL   122916    11696    81224    14168    12616     1343
1557585242.000000
        TOTAL   123300    11696    81608    14168    12703     1256
1557585243.000000
        TOTAL   123748    11696    82056    14168    12788     1171
1557585244.000000
        TOTAL   123787    11696    82120    14168    12873     1086
1557585245.000000
        TOTAL   124183    11696    82516    14168    12958     1002
1557585245.000000
        TOTAL   124208    11696    82544    14168    13041      918
1557585246.000000
        TOTAL   125428    11696    83764    14168    13131      828
1557585247.000000
        TOTAL   125351    11696    83808    14168    13213      746
1557585248.000000
        TOTAL   125361    11696    83820    14168    13303      656
1557585249.000000
        TOTAL   125393    11696    83852    14168    13393      566
1557585250.000000
        TOTAL   126196    11696    84652    14168    13478      481
1557585251.000000
        TOTAL   126635    11696    85252    14168    13568      391
1557585252.000000
        TOTAL   126883    11696    85496    14168    12250     1709
1557585253.000000
        TOTAL   126755    11696    85368    14168    12320     1639
1557585254.000000
        TOTAL   127303    11696    85916    14168    12406     1553
1557585255.000000
        TOTAL   127580    11696    87348    14168    12492     1467
1557585256.000000
        TOTAL   127553    11696    87348    14168    12581     1378
1557585257.000000
        TOTAL   127553    11696    87348    14168    12665     1294
1557585258.000000
        TOTAL   127281    11696    87076    14164    12749     1206
1557585259.000000
        TOTAL   127236    11696    87760    14164    12837     1118
1557585260.000000
        TOTAL   127596    11696    88236    14164    12924     1031
1557585261.000000
        TOTAL   126982    11696    88248    14164    13025      930
1557585262.000000
        TOTAL   126662    11696    88268    14164    13113      842
1557585263.000000
        TOTAL   127129    11696    90088    14164    13202      753
1557585264.000000
        TOTAL   127333    11696    90176    14164    13285      670
1557585265.000000
        TOTAL   126777    11696    89616    14164    13374      581
1557585265.000000
        TOTAL   127157    11696    89988    14164    13456      499
1557585266.000000
        TOTAL   128322    11696    92364    14164    13546      409
1557585267.000000
        TOTAL   126611    11696    91892    14164    13627      328
1557585268.000000
        TOTAL   126652    11696    92016    14180    12258     1713
1557585269.000000
        TOTAL   126680    11696    92044    14180    12343     1628
1557585270.000000
        TOTAL   126869    11696    92328    14180    12431     1540
1557585271.000000
        TOTAL   126586    11696    92016    14180    12524     1447
1557585272.000000
        TOTAL   126618    11696    92048    14180    12605     1366
1557585273.000000
        TOTAL   126502    11696    91988    14180    12693     1278
1557585274.000000
        TOTAL   126614    11704    92100    14180    12780     1191
1557585275.000000
        TOTAL   126680    11696    92140    14180    12867     1104
1557585275.000000
        TOTAL   126917    11696    92500    14180    12968     1003
1557585276.000000
        TOTAL   125810    11696    91472    14180    13036      935
1557585277.000000
        TOTAL   125926    11696    91648    14180    13122      849
1557585278.000000
        TOTAL   125946    11696    91668    14180    13204      767
1557585279.000000
        TOTAL   125694    11696    91704    14180    13288      683
1557585280.000000
        TOTAL   125369    11696    91596    14180    13373      598
1557585281.000000
        TOTAL   124439    11696    90656    14180    13456      515
1557585281.000000
        TOTAL   124615    11696    90828    14180    13539      432
1557585282.000000
        TOTAL   124628    11696    90960    14180    13628      343
1557585283.000000
        TOTAL   124119    11696    90600    14180    12264     1707
1557585284.000000
        TOTAL   117237    11696    83704    14180    12357     1617
1557585285.000000
        TOTAL   117589    11696    84056    14180    12442     1529
1557585286.000000
        TOTAL   116573    11696    83040    14180    12530     1441
1557585287.000000
        TOTAL   117081    11696    83548    14180    12619     1352
1557585288.000000
        TOTAL   116833    11696    83300    14180    12699     1272
1557585289.000000
        TOTAL   109969    11696    76432    14180    12793     1178
1557585290.000000
        TOTAL   110461    11696    76924    14180    12870     1101
1557585291.000000
        TOTAL   109349    11696    75812    14180    12958     1013
1557585292.000000
        TOTAL   110029    11696    76492    14180    13044      927
1557585293.000000
        TOTAL   110041    11696    76504    14180    13131      840
1557585293.000000
        TOTAL   110049    11696    76508    14180    13212      759
1557585294.000000
        TOTAL   110065    11696    76524    14180    13296      675
1557585295.000000
        TOTAL   109539    11696    76016    14180    13395      576
1557585296.000000
        TOTAL   109556    11696    76088    14180    13479      492
1557585297.000000
        TOTAL   109608    11696    76140    14180    13563      408
1557585298.000000
        TOTAL   109689    11696    76220    14180    13644      327
1557585299.000000
        TOTAL   109747    11696    76312    14192    12263     1720
1557585300.000000
        TOTAL   109491    11696    76048    14192    12349     1634
1557585301.000000
        TOTAL   108979    11696    75532    14192    12439     1544
1557585302.000000
        TOTAL   109029    11696    75580    14192    12524     1459
1557585303.000000
        TOTAL   108709    11696    75260    14192    12613     1370
1557585304.000000
        TOTAL   108467    11708    75012    14192    12700     1284
1557585305.000000
        TOTAL   108535    11696    75088    14192    12781     1202
1557585305.000000
        TOTAL   107783    11696    74332    14192    12863     1120
1557585306.000000
        TOTAL   107787    11696    74352    14192    12950     1033
1557585307.000000
        TOTAL   107794    11696    74356    14192    13035      948
1557585308.000000
        TOTAL   107804    11696    74364    14192    13124      859
1557585309.000000
        TOTAL   107856    11696    74416    14192    13204      779
1557585310.000000
        TOTAL   107392    11696    73952    14192    13290      693
1557585311.000000
        TOTAL   106904    11696    73464    14192    13378      605
1557585312.000000
        TOTAL   106990    11696    73552    14192    13479      504
1557585313.000000
        TOTAL   107034    11696    73596    14192    13553      430
1557585314.000000
        TOTAL   107114    11696    73676    14192    13637      346
1557585315.000000
        TOTAL   106846    11696    73408    14192    12249     1734
1557585315.000000
        TOTAL   106782    11696    73340    14192    12333     1650
1557585316.000000
        TOTAL   106430    11696    72988    14192    12420     1563
1557585317.000000
        TOTAL   105954    11696    72512    14192    12508     1475
1557585318.000000
        TOTAL   105974    11696    72532    14192    12591     1392
1557585319.000000
        TOTAL   105990    11696    72560    14192    12678     1305
1557585320.000000
        TOTAL   106190    11696    72760    14192    12765     1215
1557585321.000000
        TOTAL   106394    11696    72964    14192    12902     1181
1557585322.000000
        TOTAL   104939    11696    71504    14192    13004     1079
1557585323.000000
        TOTAL   105071    11696    71636    14192    13086      997
1557585323.000000
        TOTAL   105243    11696    71808    14192    13168      915
1557585324.000000
        TOTAL   105291    11696    71856    14192    13252      831
1557585325.000000
        TOTAL   105107    11696    71672    14192    13339      744
1557585326.000000
        TOTAL   104135    11696    70700    14192    13424      659
1557585327.000000
        TOTAL   104267    11696    70828    14192    13512      571
1557585328.000000
        TOTAL   104319    11696    70880    14192    13593      490
1557585329.000000
        TOTAL   104555    11696    71116    14192    13681      402
1557585330.000000
        TOTAL   104768    11696    71400    14192    12297     1786
1557585330.000000
        TOTAL   104571    11696    71212    14192    12358     1725
1557585331.000000
        TOTAL   104576    11696    71244    14192    12423     1660
1557585332.000000
        TOTAL   104580    11696    71248    14192    12485     1598
1557585333.000000
        TOTAL   104580    11696    71248    14192    12547     1536
1557585334.000000
        TOTAL   104580    11696    71248    14192    12608     1475
1557585334.000000
        TOTAL   101799    11696    71540    14188    12597     1482
1557585335.000000
        TOTAL   102139    11696    71880    14188    12658     1421
1557585336.000000
        TOTAL   102064    11696    71884    14188    12718     1361
1557585337.000000
        TOTAL   102068    11696    71888    14188    12779     1300
1557585338.000000
        TOTAL   102072    11696    71892    14188    12840     1239
1557585338.000000
        TOTAL   102076    11696    71896    14188    12901     1178
1557585339.000000
        TOTAL   102080    11696    71900    14188    12961     1118
1557585340.000000
        TOTAL   102216    11696    72036    14188    13023     1056
1557585341.000000
        TOTAL   102224    11696    72044    14188    13085      994
1557585342.000000
        TOTAL   102040    11696    71860    14188    13145      934
1557585342.000000
        TOTAL   102048    11696    71868    14188    13206      873
1557585343.000000
        TOTAL   102056    11696    71876    14188    13267      812
1557585344.000000
        TOTAL   102068    11696    71884    14188    13327      752
1557585345.000000
        TOTAL   102092    11696    71908    14188    13388      691
1557585346.000000
        TOTAL   102456    11696    72272    14188    13449      630
1557585346.000000
        TOTAL   102496    11696    72312    14188    13509      570
1557585347.000000
        TOTAL   102546    11696    72360    14188    13570      509
1557585348.000000
        TOTAL   102758    11696    72572    14188    12148     1931
1557585349.000000
        TOTAL   100310    11696    70120    14188    12200     1879
1557585350.000000
        TOTAL   100454    11696    70260    14188    12265     1814
1557585351.000000
        TOTAL   100534    11696    70340    14188    12326     1753
1557585351.000000
        TOTAL   100575    11696    70344    14188    12389     1690
1557585352.000000
        TOTAL   100587    11696    70356    14188    12451     1628
1557585353.000000
        TOTAL   100603    11696    70372    14188    12513     1566
1557585354.000000
        TOTAL   100171    11696    69940    14188    12574     1505
1557585355.000000
        TOTAL   100191    11696    69960    14188    12635     1444
1557585355.000000
        TOTAL   100195    11696    69964    14188    12696     1383
1557585356.000000
        TOTAL   100205    11696    69972    14188    12756     1323
1557585357.000000
        TOTAL   100209    11696    69976    14188    12818     1261
1557585358.000000
        TOTAL   100217    11696    69984    14188    12878     1201
1557585359.000000
        TOTAL   100221    11696    69988    14188    12939     1140
1557585360.000000
        TOTAL   100229    11696    69996    14188    13000     1079
1557585360.000000
        TOTAL   100329    11696    70096    14188    13060     1019
1557585361.000000
        TOTAL   100351    11696    70120    14188    13122      957
1557585362.000000
        TOTAL   100461    11696    70224    14188    13183      896
1557585363.000000
        TOTAL   100489    11696    70252    14188    13244      835
1557585364.000000
        TOTAL   100529    11696    70292    14188    13304      775
1557585364.000000
        TOTAL   100569    11696    70332    14188    13365      714
1557585365.000000
        TOTAL   100613    11696    70376    14188    13425      654
1557585366.000000
        TOTAL   100661    11696    70424    14188    13486      593
1557585367.000000
        TOTAL   100709    11696    70472    14188    13547      532
1557585368.000000
        TOTAL   100753    11696    70516    14188    12149     1930
1557585368.000000
        TOTAL   100753    11696    70516    14188    12209     1870
1557585369.000000
        TOTAL   100753    11696    70516    14188    12272     1807
1557585370.000000
        TOTAL   100761    11696    70524    14188    12335     1744
1557585371.000000
        TOTAL   100765    11696    70528    14188    12398     1681
1557585372.000000
        TOTAL   100765    11696    70528    14188    12459     1620
1557585373.000000
        TOTAL   100377    11696    70140    14184    12522     1553
1557585373.000000
        TOTAL   100381    11696    70144    14184    12583     1492
1557585374.000000
        TOTAL   100081    11696    69844    14184    12643     1432
1557585375.000000
        TOTAL   100105    11696    69868    14184    12705     1370
1557585376.000000
        TOTAL   100445    11696    70208    14184    12765     1310
1557585377.000000
        TOTAL   100451    11696    70212    14184    12826     1249
1557585377.000000
        TOTAL   100454    11696    70216    14184    12887     1188
1557585378.000000
        TOTAL   100466    11696    70224    14184    12948     1127
1557585379.000000
        TOTAL   100474    11696    70232    14184    13008     1067
1557585380.000000
        TOTAL   100484    11696    70236    14184    13069     1006
1557585381.000000
        TOTAL   100496    11696    70248    14184    13130      945
1557585382.000000
        TOTAL   100532    11696    70284    14184    13202      873
1557585382.000000
        TOTAL   100564    11696    70316    14184    13263      812
1557585383.000000
        TOTAL   100620    11696    70372    14184    13331      744
1557585384.000000
        TOTAL   100660    11696    70412    14184    13392      683
1557585385.000000
        TOTAL   100708    11696    70460    14184    13452      623
1557585386.000000
        TOTAL   100760    11696    70512    14184    13513      562
1557585386.000000
        TOTAL   100984    11696    70736    14184    12154     1921
1557585387.000000
        TOTAL   100820    11696    70572    14184    12207     1868
1557585388.000000
        TOTAL   100820    11696    70572    14184    12270     1805
1557585389.000000
        TOTAL   100820    11696    70572    14184    12332     1743
1557585390.000000
        TOTAL   100276    11696    70024    14184    12389     1686
1557585390.000000
        TOTAL   100628    11696    70376    14184    12450     1625
1557585391.000000
        TOTAL   100629    11696    70376    14184    12514     1561
1557585392.000000
        TOTAL   100245    11696    69992    14148    12575     1464
1557585393.000000
        TOTAL   100249    11696    69996    14148    12635     1404
1557585394.000000
        TOTAL   100253    11696    70000    14148    12697     1342
1557585395.000000
        TOTAL   100229    11696    69976    14148    12744     1295
1557585395.000000
        TOTAL   100077    11696    69824    14148    12805     1234
1557585396.000000
        TOTAL   100081    11696    69828    14148    12866     1173
1557585397.000000
        TOTAL   100089    11696    69832    14148    12927     1112
1557585398.000000
        TOTAL   100101    11696    69844    14148    12987     1052
1557585399.000000
        TOTAL   100105    11696    69848    14148    13048      991
1557585399.000000
        TOTAL   100225    11696    69964    14148    13108      931
1557585400.000000
        TOTAL   100597    11696    70336    14148    13169      870
1557585401.000000
        TOTAL   100637    11696    70376    14148    13232      807
1557585402.000000
        TOTAL   100679    11696    70416    14148    13292      747
1557585403.000000
        TOTAL   100715    11696    70452    14148    13352      687
1557585403.000000
        TOTAL   100763    11696    70500    14148    13414      626
1557585404.000000
        TOTAL   100815    11696    70552    14148    13474      565
1557585405.000000
        TOTAL   100875    11696    70612    14148    13534      505
1557585406.000000
        TOTAL   100927    11696    70664    14148    12135     1904
1557585407.000000
        TOTAL   100927    11696    70664    14148    12197     1842
1557585407.000000
        TOTAL   100927    11696    70664    14148    12259     1780
1557585408.000000
        TOTAL   100935    11696    70672    14148    12321     1718
1557585409.000000
        TOTAL   100971    11696    70708    14148    12382     1657
1557585410.000000
        TOTAL   100979    11696    70716    14148    12443     1596
1557585411.000000
        TOTAL   100635    11696    70372    14148    12506     1533
1557585412.000000
        TOTAL   100647    11696    70384    14148    12569     1470
1557585412.000000
        TOTAL   100655    11696    70392    14148    12630     1409
1557585413.000000
        TOTAL   100667    11696    70404    14148    12691     1348
1557585414.000000
        TOTAL   100687    11696    70424    14148    12751     1288
1557585415.000000
        TOTAL   100695    11696    70432    14148    12813     1226
1557585416.000000
        TOTAL   100707    11696    70444    14148    12873     1166
1557585416.000000
        TOTAL   100723    11696    70456    14148    12934     1105
1557585417.000000
        TOTAL   100731    11696    70464    14148    12995     1044
1557585418.000000
        TOTAL   100743    11696    70476    14148    13056      983
1557585419.000000
        TOTAL   100755    11696    70488    14148    13116      923
1557585420.000000
        TOTAL   100763    11696    70496    14148    13177      862
1557585420.000000
        TOTAL   100791    11696    70524    14148    13237      802
1557585421.000000
        TOTAL   100827    11696    70560    14148    13299      740
1557585422.000000
        TOTAL   100879    11696    70612    14148    13361      678
1557585423.000000
        TOTAL   100931    11696    70664    14148    13421      618
1557585424.000000
        TOTAL   100975    11696    70708    14148    13481      558
1557585425.000000
        TOTAL   101031    11696    70764    14148    13542      497
1557585425.000000
        TOTAL   101083    11696    70816    14148    12138     1901
1557585426.000000
        TOTAL   101091    11696    70824    14148    12198     1841
1557585427.000000
        TOTAL   101103    11696    70836    14148    12261     1778
1557585428.000000
        TOTAL   101141    11696    70872    14148    12323     1716
1557585429.000000
        TOTAL   101145    11696    70876    14148    12385     1654
1557585429.000000
        TOTAL   101157    11696    70888    14148    12446     1593
1557585430.000000
        TOTAL   100785    11696    70516    14140    12507     1524
1557585431.000000
        TOTAL   100793    11696    70524    14140    12570     1461
1557585432.000000
        TOTAL   100809    11696    70540    14140    12630     1401
1557585433.000000
        TOTAL   100821    11696    70552    14140    12691     1340
1557585433.000000
        TOTAL   100833    11696    70564    14140    12752     1279
1557585434.000000
        TOTAL   100845    11696    70576    14140    12813     1218
1557585435.000000
        TOTAL   100853    11696    70584    14140    12873     1158
1557585436.000000
        TOTAL   100869    11696    70600    14140    12935     1096
1557585437.000000
        TOTAL   100881    11696    70612    14140    12995     1036
1557585438.000000
        TOTAL   100889    11696    70620    14140    13055      976
1557585438.000000
        TOTAL   100901    11696    70632    14140    13116      915
1557585439.000000
        TOTAL   100923    11696    70656    14140    13177      854
1557585440.000000
        TOTAL   100951    11696    70684    14140    13237      794
1557585441.000000
        TOTAL   101007    11696    70740    14140    13299      732
1557585442.000000
        TOTAL   101041    11696    70796    14140    13370      661
1557585442.000000
        TOTAL   101085    11696    70840    14140    13431      600
1557585443.000000
        TOTAL   101133    11696    70888    14140    13491      540
1557585444.000000
        TOTAL   101179    11696    70932    14140    12126     1905
1557585445.000000
        TOTAL   101179    11696    70932    14140    12187     1844
1557585446.000000
        TOTAL   101195    11696    70948    14140    12250     1781
1557585446.000000
        TOTAL   101222    11696    70976    14140    12311     1720
1557585447.000000
        TOTAL   101294    11696    71048    14140    12373     1658
1557585448.000000
        TOTAL   101300    11696    71056    14140    12434     1597
1557585449.000000
        TOTAL   100936    11696    70692    14124    12496     1519
1557585450.000000
        TOTAL   100952    11696    70708    14124    12558     1457
1557585450.000000
        TOTAL   100544    11696    70300    14124    12619     1396
1557585451.000000
        TOTAL   100556    11696    70312    14124    12682     1333
1557585452.000000
        TOTAL   100560    11696    70316    14124    12743     1272
1557585453.000000
        TOTAL   100568    11696    70324    14124    12804     1211
1557585454.000000
        TOTAL   100572    11696    70328    14124    12864     1151
1557585454.000000
        TOTAL   100576    11696    70332    14124    12924     1091
1557585455.000000
        TOTAL   100924    11696    70680    14124    12986     1029
1557585456.000000
        TOTAL   100928    11696    70684    14124    13046      969
1557585457.000000
        TOTAL   100932    11696    70688    14124    13107      908
1557585458.000000
        TOTAL   100944    11696    70700    14124    13168      847
1557585459.000000
        TOTAL   100968    11696    70724    14124    13228      787
1557585459.000000
        TOTAL   101000    11696    70756    14124    13288      727
1557585460.000000
        TOTAL   101040    11696    70796    14124    13350      665
1557585461.000000
        TOTAL   101084    11696    70840    14124    13410      605
1557585462.000000
        TOTAL   101132    11696    70888    14124    13470      545
1557585463.000000
        TOTAL   101188    11696    70944    14124    13531      484
1557585464.000000
        TOTAL   100941    11696    70984    14124    12138     1877
1557585465.000000
        TOTAL   100731    11696    70988    14124    12198     1817
1557585465.000000
        TOTAL   100735    11696    70992    14124    12262     1753
1557585466.000000
        TOTAL   100755    11696    71012    14124    12323     1692
1557585467.000000
