0
60
120
180
240
300
360
420
480
540
600
660
720
780
840
900
960
1000
1024
1048
1072
1096
1120
1144
1168
1192
1216
1240
1264
1288
1312
1336
1360
1384
1408
1432
1456
1480
1504
1528
1552
1576
1600
1624
1648
1672
1696
1720
1744
1768
1792
1816
1840
1864
1888
1912
1936
1960
1984
2000
2013
2027
2040
2053
2067
2080
2093
2107
2120
2133
2147
2160
2173
2187
2200
2213
2227
2240
2253
2267
2280
2293
2307
2320
2333
2347
2360
2373
2387
2400
2413
2427
2440
2453
2467
2480
2493
2507
2520
2533
2547
2560
2573
2587
2600
2613
2627
2640
2653
2667
2680
2693
2707
2720
2733
2747
2760
2773
2787
2800
2813
2827
2840
2853
2867
2880
2893
2907
2920
2933
2947
2960
2973
2987
3000
3009
3019
3028
3037
3046
3056
3065
3074
3083
3093
3102
3111
3120
3130
3139
3148
3157
3167
3176
3185
3194
3204
3213
3222
3231
3241
3250
3259
3268
3278
3287
3296
3305
3315
3324
3333
3342
3352
3361
3370
3379
3389
3398
3407
3416
3426
3435
3444
3453
3463
3472
3481
3490
3500
3509
3518
3527
3537
3546
3555
3564
3574
3583
3592
3601
3611
3620
3629
3638
3648
3657
3666
3675
3685
3694
3703
3712
3722
3731
3740
3749
3759
3768
3777
3786
3796
3805
3814
3823
3833
3842
3851
3860
3870
3879
3888
3897
3907
3916
3925
3934
3944
3953
3962
3971
3981
3990
3999
4000
4013
4027
4040
4053
4067
4080
4093
4107
4120
4133
4147
4160
4173
4187
4200
4213
4227
4240
4253
4267
4280
4293
4307
4320
4333
4347
4360
4373
4387
4400
4413
4427
4440
4453
4467
4480
4493
4507
4520
4533
4547
4560
4573
4587
4600
4613
4627
4640
4653
4667
4680
4693
4707
4720
4733
4747
4760
4773
4787
4800
4813
4827
4840
4853
4867
4880
4893
4907
4920
4933
4947
4960
4973
4987
5000
5024
5048
5072
5096
5120
5144
5168
5192
5216
5240
5264
5288
5312
5336
5360
5384
5408
5432
5456
5480
5504
5528
5552
5576
5600
5624
5648
5672
5696
5720
5744
5768
5792
5816
5840
5864
5888
5912
5936
5960
5984
