1554646464.76	1200	4.08	0.185	450283	35	-0.7955
1554646835.99	2850	7.991945	0.0	1431809	21	1.2000000000000002
1554646840.15	2850	7.708849	0.0	1300868	45	2.85
1554646843.93	2850	7.968704	0.0	1520281	48	2.85
1554646847.92	2850	7.908478	0.0	1472558	34	2.85
1554646852.07	2850	7.867529	0.0	1224260	85	2.85
1554646855.85	2850	7.975188	0.0	1388403	43	2.85
1554646860.05	2850	7.778461	0.0	1638769	41	2.85
1554646864.31	2850	7.529586	0.0	1348011	85	2.85
1554646868.06	2850	7.592479	0.0	1429765	49	2.85
1554646872.27	2850	7.610998	0.0	1354548	29	2.85
1554646875.97	2850	7.68254	0.0	1519951	43	2.85
1554646880.13	2850	7.702831	0.0	1422919	33	2.85
1554646883.79	2850	7.9301	0.0	1578343	34	2.85
1554646887.98	2850	7.761689	0.0	1231445	17	2.85
1554646892.14	2850	7.589521	0.0	1471065	37	2.85
1554646895.82	2850	7.987676	0.0	1491626	13	2.85
1554646899.98	2850	7.737346	0.0	1358801	18	2.85
1554646904.18	2850	7.522806	0.0	1537156	42	2.85
1554646907.86	2850	7.814902	0.0	1336050	24	2.85
1554646912.04	2850	7.814379	0.0	1415116	12	2.85
