0
38
76
114
152
190
228
266
304
342
380
418
456
494
532
570
608
646
684
722
760
798
836
874
912
950
988
1000
1038
1077
1115
1154
1192
1231
1269
1308
1346
1385
1423
1462
1500
1539
1577
1616
1654
1693
1731
1770
1808
1847
1885
1924
1962
2000
2038
2076
2114
2152
2190
2228
2266
2304
2342
2380
2418
2456
2494
2532
2570
2608
2646
2684
2722
2760
2798
2836
2874
2912
2950
2988
3000
3039
3079
3118
3157
3197
3236
3275
3315
3354
3393
3433
3472
3511
3551
3590
3629
3669
3708
3747
3787
3826
3865
3905
3944
3983
4000
4037
4075
4113
4151
4189
4226
4264
4302
4340
4378
4415
4453
4491
4529
4567
4604
4642
4680
4718
4756
4793
4831
4869
4907
4945
4982
5000
5037
5075
5112
5149
5187
5224
5261
5299
5336
5373
5411
5448
5485
5523
5560
5597
5635
5672
5709
5747
5784
5821
5859
5896
5933
5971
6000
6037
6075
6112
6149
6187
6224
6261
6299
6336
6373
6411
6448
6485
6523
6560
6597
6635
6672
6709
6747
6784
6821
6859
6896
6933
6971
7000
7035
7071
7107
7143
7179
7215
7251
7287
7322
7358
7394
7430
7466
7502
7538
7574
7609
7645
7681
7717
7753
7789
7825
7861
7896
7932
7968
8000
8035
8071
8107
8143
8179
8215
8251
8287
8322
8358
8394
8430
8466
8502
8538
8574
8609
8645
8681
8717
8753
8789
8825
8861
8896
8932
8968
9000
9035
9071
9107
9143
9179
9215
9251
9286
9322
9358
9394
9430
9466
9502
9537
9573
9609
9645
9681
9717
9753
9788
9824
9860
9896
9932
9968
10000
10036
10073
10110
10146
10183
10220
10256
10293
10330
10366
10403
10440
10476
10513
10550
10586
10623
10660
10696
10733
10770
10806
10843
10880
10916
10953
10990
11000
11036
11073
11109
11145
11181
11218
11254
11290
11326
11363
11399
11435
11471
11508
11544
11580
11616
11653
11689
11725
11761
11798
11834
11870
11906
11943
11979
12000
12035
12071
12107
12143
12179
12215
12250
12286
12322
12358
12394
12430
12465
12501
12537
12573
12609
12645
12680
12716
12752
12788
12824
12860
12895
12931
12967
13000
13036
13073
13110
13146
13183
13220
13256
13293
13330
13366
13403
13440
13476
13513
13550
13586
13623
13660
13696
13733
13770
13806
13843
13880
13916
13953
13990
14000
14036
14073
14110
14146
14183
14220
14256
14293
14330
14366
14403
14440
14476
14513
14550
14586
14623
14660
14696
14733
14770
14806
14843
14880
14916
14953
14990
15000
15036
15073
15110
15146
15183
15220
15256
15293
15330
15366
15403
15440
15476
15513
15550
15586
15623
15660
15696
15733
15770
15806
15843
15880
15916
15953
15990
16000
16037
16074
16111
16148
16185
16222
16259
16296
16333
16370
16407
16444
16481
16518
16555
16592
16629
16666
16703
16740
16777
16814
16851
16888
16925
16962
16999
17000
17037
17075
17112
17149
17187
17224
17261
17299
17336
17373
17411
17448
17485
17523
17560
17597
17635
17672
17709
17747
17784
17821
17859
17896
17933
17971
18000
18038
18077
18116
18154
18193
18232
18270
18309
18348
18386
18425
18464
18502
18541
18580
18618
18657
18696
18734
18773
18812
18850
18889
18928
18966
19000
19038
19077
19116
19155
19193
19232
19271
19310
19348
19387
19426
19465
19503
19542
19581
19620
19658
19697
19736
19775
19813
19852
19891
19930
19968
20000
20038
20077
20115
20153
20192
20230
20268
20307
20345
20383
20422
20460
20498
20537
20575
20613
20652
20690
20728
20767
20805
20843
20882
20920
20958
20997
21000
21037
21075
21112
21150
21187
21225
21262
21300
21337
21375
21412
21450
21487
21525
21562
21600
21637
21675
21712
21750
21787
21825
21862
21900
21937
21975
22000
22038
22077
22115
22154
22192
22231
22269
22308
22346
22385
22423
22462
22500
22539
22577
22616
22654
22693
22731
22770
22808
22847
22885
22924
22962
23000
23032
23065
23098
23131
23164
23197
23230
23263
23295
23328
23361
23394
23427
23460
23493
23526
23558
23591
23624
23657
23690
23723
23756
23789
23821
23854
23887
23920
23953
23986
24000
24037
24075
24113
24151
24189
24226
24264
24302
24340
24378
24415
24453
24491
24529
24567
24604
24642
24680
24718
24756
24793
24831
24869
24907
24945
24982
25000
25036
25073
25109
25146
25182
25219
25255
25292
25328
25365
25401
25438
25474
25511
25547
25584
25620
25657
25693
25730
25766
25803
25839
25876
25912
25949
25985
26000
26036
26073
26109
26145
26181
26217
26254
26290
26326
26362
26398
26435
26471
26507
26543
26579
26616
26652
26688
26724
26760
26797
26833
26869
26905
26941
26978
27000
27034
27069
27103
27137
27171
27206
27240
27274
27308
27343
27377
27411
27445
27480
27514
27548
27582
27617
27651
27685
27719
27754
27788
27822
27856
27891
27925
27959
27993
28000
28034
28069
28103
28138
28172
28207
28241
28276
28310
28345
28379
28414
28448
28483
28517
28552
28586
28621
28655
28690
28724
28759
28793
28828
28862
28897
28931
28966
29000
29037
29074
29111
29148
29185
29222
29259
29296
29333
29370
29407
29444
29481
29518
29555
29592
29629
29666
29703
29740
29777
29814
29851
29888
29925
29962
29999
30000
30036
30073
30110
30147
30184
30221
30258
30295
30332
30369
30405
30442
30479
30516
30553
30590
30627
30664
30701
30738
30774
30811
30848
30885
30922
30959
30996
31000
31030
31060
31090
31120
31150
31180
31210
31240
31270
31300
31330
31360
31390
31420
31450
31480
31510
31540
31570
31600
31630
31660
31690
31720
31750
31780
31810
31840
31870
31900
31930
31960
31990
32000
32030
32061
32091
32121
32151
32181
32212
32242
32272
32302
32332
32363
32393
32423
32453
32483
32514
32544
32574
32604
32634
32665
32695
32725
32755
32785
32816
32846
32876
32906
32936
32967
32997
33000
33030
33061
33091
33121
33151
33181
33212
33242
33272
33302
33332
33363
33393
33423
33453
33483
33514
33544
33574
33604
33634
33665
33695
33725
33755
33785
33816
33846
33876
33906
33936
33967
33997
34000
34028
34057
34085
34113
34141
34170
34198
34226
34254
34283
34311
34339
34367
34396
34424
34452
34480
34509
34537
34565
34593
34622
34650
34678
34706
34735
34763
34791
34819
34848
34876
34904
34932
34961
34989
35000
35034
35069
35103
35138
35172
35207
35241
35276
35310
35345
35379
35414
35448
35483
35517
35552
35586
35621
35655
35690
35724
35759
35793
35828
35862
35897
35931
35966
36000
36034
36069
36103
36137
36172
36206
36240
36275
36309
36343
36378
36412
36446
36481
36515
36549
36584
36618
36652
36687
36721
36755
36790
36824
36858
36893
36927
36961
36996
37000
37034
37069
37103
37138
37172
37207
37241
37276
37310
37345
37379
37414
37448
37483
37517
37552
37586
37621
37655
37690
37724
37759
37793
37828
37862
37897
37931
37966
38000
38034
38069
38103
38138
38172
38207
38241
38276
38310
38345
38379
38414
38448
38483
38517
38552
38586
38621
38655
38690
38724
38759
38793
38828
38862
38897
38931
38966
39000
39027
39055
39083
39111
39139
39167
39194
39222
39250
39278
39306
39334
39361
39389
39417
39445
39473
39501
39528
39556
39584
39612
39640
39668
39695
39723
39751
39779
39807
39835
39862
39890
39918
39946
39974
40000
40033
40067
40101
40135
40169
40203
40237
40270
40304
40338
40372
40406
40440
40474
40507
40541
40575
40609
40643
40677
40711
40744
40778
40812
40846
40880
40914
40948
40981
41000
41032
41064
41096
41128
41160
41192
41224
41256
41288
41320
41352
41384
41416
41448
41480
41512
41544
41576
41608
41640
41672
41704
41736
41768
41800
41832
41864
41896
41928
41960
41992
42000
42034
42069
42103
42137
42171
42206
42240
42274
42308
42343
42377
42411
42445
42480
42514
42548
42582
42617
42651
42685
42719
42754
42788
42822
42856
42891
42925
42959
42993
43000
43034
43069
43103
43137
43171
43206
43240
43274
43308
43343
43377
43411
43445
43480
43514
43548
43582
43617
43651
43685
43719
43754
43788
43822
43856
43891
43925
43959
43993
44000
44034
44069
44103
44137
44171
44206
44240
44274
44308
44343
44377
44411
44445
44480
44514
44548
44582
44617
44651
44685
44719
44754
44788
44822
44856
44891
44925
44959
44993
45000
45034
45069
45103
45137
45171
45205
45240
45274
45308
45342
45376
45411
45445
45479
45513
45547
45582
45616
45650
45684
45718
45753
45787
45821
45855
45889
45924
45958
45992
46000
46027
46055
46083
46111
46139
46167
46195
46223
46251
46279
46306
46334
46362
46390
46418
46446
46474
46502
46530
46558
46585
46613
46641
46669
46697
46725
46753
46781
46809
46837
46864
46892
46920
46948
46976
47000
47027
47055
47083
47111
47139
47167
47195
47223
47251
47278
47306
47334
47362
47390
47418
47446
47474
47502
47529
47557
47585
47613
47641
47669
47697
47725
47753
47780
47808
47836
47864
47892
47920
47948
47976
48000
48032
48065
48098
48131
48163
48196
48229
48262
48294
48327
48360
48393
48425
48458
48491
48524
48556
48589
48622
48655
48687
48720
48753
48786
48818
48851
48884
48917
48949
48982
49000
49032
49065
49097
49129
49162
49194
49226
49259
49291
49323
49356
49388
49420
49453
49485
49517
49550
49582
49614
49647
49679
49711
49744
49776
49808
49841
49873
49905
49938
49970
50000
50034
50069
50103
50137
50171
50205
50240
50274
50308
50342
50376
50411
50445
50479
50513
50547
50582
50616
50650
50684
50718
50753
50787
50821
50855
50889
50924
50958
50992
51000
51034
51068
51102
51136
51170
51204
51238
51272
51306
51340
51374
51408
51442
51476
51510
51544
51578
51612
51646
51680
51714
51748
51782
51816
51850
51884
51918
51952
51986
52000
52034
52068
52102
52136
52170
52204
52238
52272
52306
52340
52374
52408
52442
52476
52510
52544
52578
52612
52646
52680
52714
52748
52782
52816
52850
52884
52918
52952
52986
53000
53033
53067
53100
53134
53167
53201
53234
53268
53301
53335
53368
53402
53435
53469
53502
53536
53569
53603
53636
53670
53703
53737
53770
53804
53837
53871
53904
53938
53971
54000
54032
54065
54098
54130
54163
54196
54228
54261
54294
54326
54359
54392
54424
54457
54490
54522
54555
54588
54620
54653
54686
54718
54751
54784
54816
54849
54882
54914
54947
54980
55000
55033
55067
55101
55134
55168
55202
55235
55269
55303
55336
55370
55404
55437
55471
55505
55538
55572
55606
55639
55673
55707
55740
55774
55808
55841
55875
55909
55942
55976
56000
56033
56067
56100
56133
56167
56200
56233
56267
56300
56333
56367
56400
56433
56467
56500
56533
56567
56600
56633
56667
56700
56733
56767
56800
56833
56867
56900
56933
56967
57000
57035
57071
57107
57142
57178
57214
57249
57285
57321
57356
57392
57428
57463
57499
57535
57570
57606
57642
57677
57713
57749
57784
57820
57856
57891
57927
57963
57998
58000
58029
58059
58089
58119
58149
58178
58208
58238
58268
58298
58327
58357
58387
58417
58447
58476
58506
58536
58566
58596
58625
58655
58685
58715
58745
58774
58804
58834
58864
58894
58923
58953
58983
59000
59037
59075
59113
59150
59188
59226
59263
59301
59339
59376
59414
59452
59489
59527
59565
59602
59640
59678
59715
59753
59791
59828
59866
59904
59941
59979
60000
60037
60075
60113
60151
60188
60226
60264
60302
60339
60377
60415
60453
60490
60528
60566
60604
60641
60679
60717
60755
60792
60830
60868
60906
60943
60981
61000
61030
61061
61091
61121
61151
61182
61212
61242
61272
61303
61333
61363
61393
61424
61454
61484
61514
61545
61575
61605
61635
61666
61696
61726
61756
61787
61817
61847
61877
61908
61938
61968
61998
62000
62037
62075
62112
62149
62186
62224
62261
62298
62335
62373
62410
62447
62484
62522
62559
62596
62633
62671
62708
62745
62782
62820
62857
62894
62931
62969
63000
63033
63067
63101
63135
63169
63203
63237
63271
63305
63338
63372
63406
63440
63474
63508
63542
63576
63610
63643
63677
63711
63745
63779
63813
63847
63881
63915
63948
63982
64000
64033
64067
64101
64134
64168
64202
64235
64269
64303
64336
64370
64404
64437
64471
64505
64538
64572
64606
64639
64673
64707
64740
64774
64808
64841
64875
64909
64942
64976
65000
65036
65073
65109
65145
65182
65218
65254
65291
65327
65363
65400
65436
65472
65509
65545
65581
65618
65654
65690
65727
65763
65799
65836
65872
65908
65945
65981
66000
66032
66065
66098
66131
66164
66197
66230
66262
66295
66328
66361
66394
66427
66460
66492
66525
66558
66591
66624
66657
66690
66722
66755
66788
66821
66854
66887
66920
66952
66985
67000
67034
67068
67102
67136
67170
67204
67238
67272
67306
67340
67374
67408
67442
67476
67510
67544
67578
67612
67646
67680
67714
67748
67782
67816
67850
67884
67918
67952
67986
68000
68034
68069
68103
68137
68171
68205
68240
68274
68308
68342
68376
68411
68445
68479
68513
68547
68582
68616
68650
68684
68718
68753
68787
68821
68855
68889
68924
68958
68992
69000
69034
69069
69103
69137
69171
69205
69240
69274
69308
69342
69376
69411
69445
69479
69513
69547
69582
69616
69650
69684
69718
69753
69787
69821
69855
69889
69924
69958
69992
70000
70034
70069
70104
70139
70174
70209
70244
70279
70314
70349
70383
70418
70453
70488
70523
70558
70593
70628
70663
70698
70732
70767
70802
70837
70872
70907
70942
70977
71000
71036
71073
71109
71145
71181
71218
71254
71290
71326
71363
71399
71435
71471
71508
71544
71580
71616
71653
71689
71725
71761
71798
71834
71870
71906
71943
71979
72000
72036
72073
72109
72145
72181
72217
72254
72290
72326
72362
72398
72435
72471
72507
72543
72579
72616
72652
72688
72724
72760
72797
72833
72869
72905
72941
72978
73000
73039
73079
73118
73157
73196
73236
73275
73314
73353
73393
73432
73471
73510
73550
73589
73628
73667
73707
73746
73785
73824
73864
73903
73942
73981
74000
74039
74079
74119
74159
74198
74238
74278
74318
74357
74397
74437
74477
74516
74556
74596
74636
74675
74715
74755
74795
74834
74874
74914
74954
74993
75000
75038
75077
75115
75153
75192
75230
75268
75307
75345
75383
75422
75460
75498
75537
75575
75613
75652
75690
75728
75767
75805
75843
75882
75920
75958
75997
76000
76038
76077
76116
76154
76193
76232
76270
76309
76348
76386
76425
76464
76502
76541
76580
76618
76657
76696
76734
76773
76812
76850
76889
76928
76966
77000
77037
77075
77112
77149
77186
77224
77261
77298
77335
77373
77410
77447
77484
77522
77559
77596
77633
77671
77708
77745
77782
77820
77857
77894
77931
77969
78000
78037
78075
78113
78150
78188
78226
78263
78301
78339
78376
78414
78452
78489
78527
78565
78602
78640
78678
78715
78753
78791
78828
78866
78904
78941
78979
79000
79035
79071
79106
79142
79177
79213
79248
79284
79319
79355
79390
79426
79461
79497
79532
79568
79603
79639
79674
79710
79745
79781
79816
79852
79887
79923
79958
79994
80000
80036
80073
80109
80145
80182
80218
80254
80291
80327
80363
80400
80436
80472
80509
80545
80581
80618
80654
80690
80727
80763
80799
80836
80872
80908
80945
80981
81000
81036
81073
81109
81145
81182
81218
81254
81291
81327
81363
81400
81436
81472
81509
81545
81581
81618
81654
81690
81727
81763
81799
81836
81872
81908
81945
81981
82000
82030
82061
82092
82123
82154
82184
82215
82246
82277
82308
82338
82369
82400
82431
82462
82492
82523
82554
82585
82616
82646
82677
82708
82739
82770
82800
82831
82862
82893
82924
82954
82985
83000
83037
83075
83113
83150
83188
83226
83263
83301
83339
83376
83414
83452
83489
83527
83565
83602
83640
83678
83715
83753
83791
83828
83866
83904
83941
83979
84000
84037
84075
84113
84150
84188
84226
84263
84301
84339
84376
84414
84452
84489
84527
84565
84602
84640
84678
84715
84753
84791
84828
84866
84904
84941
84979
85000
85037
85075
85112
85149
85187
85224
85261
85299
85336
85373
85411
85448
85485
85523
85560
85597
85635
85672
85709
85747
85784
85821
85859
85896
85933
85971
86000
86030
86061
86091
86121
86151
86181
86212
86242
86272
86302
86332
86363
86393
86423
86453
86483
86514
86544
86574
86604
86634
86665
86695
86725
86755
86785
86816
86846
86876
86906
86936
86967
86997
87000
87035
87071
87107
87143
87178
87214
87250
87286
87321
87357
87393
87429
87464
87500
87536
87572
87607
87643
87679
87715
87750
87786
87822
87858
87893
87929
87965
88000
88032
88065
88098
88130
88163
88196
88228
88261
88294
88326
88359
88392
88424
88457
88490
88522
88555
88588
88620
88653
88686
88718
88751
88784
88816
88849
88882
88914
88947
88980
89000
89034
89069
89103
89137
89171
89205
89240
89274
89308
89342
89376
89411
89445
89479
89513
89547
89582
89616
89650
89684
89718
89753
89787
89821
89855
89889
89924
89958
89992
90000
90034
90068
90102
90136
90170
90204
90238
90272
90306
90340
90374
90408
90442
90476
90510
90544
90578
90612
90646
90680
90714
90748
90782
90816
90850
90884
90918
90952
90986
91000
91027
91055
91083
91110
91138
91166
91193
91221
91249
91276
91304
91332
91359
91387
91415
91442
91470
91498
91525
91553
91581
91608
91636
91664
91691
91719
91747
91774
91802
91830
91857
91885
91913
91940
91968
91996
92000
92027
92055
92083
92110
92138
92166
92193
92221
92249
92276
92304
92332
92359
92387
92415
92442
92470
92498
92525
92553
92581
92608
92636
92664
92691
92719
92747
92774
92802
92830
92857
92885
92913
92940
92968
92996
93000
93033
93067
93100
93133
93167
93200
93233
93267
93300
93333
93367
93400
93433
93467
93500
93533
93567
93600
93633
93667
93700
93733
93767
93800
93833
93867
93900
93933
93967
94000
94027
94055
94083
94111
94139
94167
94195
94222
94250
94278
94306
94334
94362
94390
94417
94445
94473
94501
94529
94557
94585
94612
94640
94668
94696
94724
94752
94780
94807
94835
94863
94891
94919
94947
94975
95000
95034
95069
95103
95138
95172
95207
95241
95276
95310
95345
95379
95414
95448
95483
95517
95552
95586
95621
95655
95690
95724
95759
95793
95828
95862
95897
95931
95966
96000
96035
96071
96106
96141
96177
96212
96247
96283
96318
96353
96389
96424
96459
96495
96530
96565
96601
96636
96671
96707
96742
96777
96813
96848
96883
96919
96954
96989
97000
97038
97077
97115
97154
97192
97231
97269
97308
97346
97385
97423
97462
97500
97539
97577
97616
97654
97693
97731
97770
97808
97847
97885
97924
97962
98000
98038
98077
98115
98153
98192
98230
98268
98307
98345
98383
98422
98460
98498
98537
98575
98613
98652
98690
98728
98767
98805
98843
98882
98920
98958
98997
99000
99040
99081
99121
99161
99202
99242
99282
99323
99363
99403
99444
99484
99524
99565
99605
99645
99686
99726
99766
99807
99847
99887
99928
99968
100000
100040
100081
100121
100161
100202
100242
100282
100323
100363
100403
100444
100484
100524
100565
100605
100645
100686
100726
100766
100807
100847
100887
100928
100968
101000
101035
101071
101106
101142
101177
101213
101248
101284
101319
101355
101390
101426
101461
101497
101532
101568
101603
101639
101674
101710
101745
101781
101816
101852
101887
101923
101958
101994
102000
102035
102071
102106
102142
102177
102213
102248
102284
102319
102355
102390
102426
102461
102497
102532
102568
102603
102639
102674
102710
102745
102781
102816
102852
102887
102923
102958
102994
103000
103034
103069
103104
103139
103174
103209
103244
103279
103313
103348
103383
103418
103453
103488
103523
103558
103592
103627
103662
103697
103732
103767
103802
103837
103871
103906
103941
103976
104000
104034
104069
104104
104139
104174
104209
104244
104279
104314
104349
104383
104418
104453
104488
104523
104558
104593
104628
104663
104698
104732
104767
104802
104837
104872
104907
104942
104977
105000
105034
105069
105103
105138
105172
105207
105241
105276
105310
105345
105379
105414
105448
105483
105517
105552
105586
105621
105655
105690
105724
105759
105793
105828
105862
105897
105931
105966
106000
106036
106073
106110
106146
106183
106220
106256
106293
106330
106366
106403
106440
106476
106513
106550
106586
106623
106660
106696
106733
106770
106806
106843
106880
106916
106953
106990
107000
107036
107073
107109
107145
107181
107217
107254
107290
107326
107362
107398
107435
107471
107507
107543
107579
107616
107652
107688
107724
107760
107797
107833
107869
107905
107941
107978
108000
108036
108073
108109
108145
108181
108218
108254
108290
108326
108363
108399
108435
108471
108508
108544
108580
108616
108653
108689
108725
108761
108798
108834
108870
108906
108943
108979
109000
109036
109073
109109
109145
109181
109218
109254
109290
109326
109363
109399
109435
109471
109508
109544
109580
109616
109653
109689
109725
109761
109798
109834
109870
109906
109943
109979
110000
110031
110063
110094
110125
110156
110188
110219
110250
110281
110313
110344
110375
110406
110438
110469
110500
110531
110563
110594
110625
110656
110688
110719
110750
110781
110813
110844
110875
110906
110938
110969
111000
111037
111075
111112
111150
111187
111225
111262
111300
111337
111375
111412
111450
111487
111525
111562
111600
111637
111675
111712
111750
111787
111825
111862
111900
111937
111975
112000
112029
112059
112089
112119
112149
112179
112209
112239
112269
112299
112328
112358
112388
112418
112448
112478
112508
112538
112568
112598
112627
112657
112687
112717
112747
112777
112807
112837
112867
112897
112926
112956
112986
113000
113029
113059
113089
113119
113149
113179
113209
113239
113268
113298
113328
113358
113388
113418
113448
113478
113507
113537
113567
113597
113627
113657
113687
113717
113746
113776
113806
113836
113866
113896
113926
113956
113985
114000
114036
114072
114108
114144
114180
114216
114252
114288
114324
114360
114396
114432
114468
114504
114540
114576
114612
114648
114684
114720
114756
114792
114828
114864
114900
114936
114972
115000
115033
115067
115101
115135
115169
115202
115236
115270
115304
115338
115371
115405
115439
115473
115507
115540
115574
115608
115642
115676
115709
115743
115777
115811
115845
115878
115912
115946
115980
116000
116034
116068
116102
116136
116170
116204
116238
116272
116306
116340
116374
116408
116442
116476
116510
116544
116578
116612
116646
116680
116714
116748
116782
116816
116850
116884
116918
116952
116986
117000
117034
117068
117102
117136
117170
117204
117238
117272
117306
117340
117374
117408
117442
117476
117510
117544
117578
117612
117646
117680
117714
117748
117782
117816
117850
117884
117918
117952
117986
118000
118034
118068
118102
118136
118170
118204
118238
118272
118306
118340
118374
118408
118442
118476
118510
118544
118578
118612
118646
118680
118714
118748
118782
118816
118850
118884
118918
118952
118986
119000
119033
119067
119101
119135
119169
119203
119237
119271
119305
119338
119372
119406
119440
119474
119508
119542
119576
119610
119643
119677
119711
119745
119779
119813
119847
119881
119915
119948
119982
120000
120034
120069
120103
120138
120172
120207
120241
120276
120310
120345
120379
120414
120448
120483
120517
120552
120586
120621
120655
120690
120724
120759
120793
120828
120862
120897
120931
120966
121000
121027
121055
121083
121111
121139
121167
121195
121223
121250
121278
121306
121334
121362
121390
121418
121446
121473
121501
121529
121557
121585
121613
121641
121669
121696
121724
121752
121780
121808
121836
121864
121892
121919
121947
121975
122000
122027
122055
122083
122111
122139
122166
122194
122222
122250
122278
122305
122333
122361
122389
122417
122444
122472
122500
122528
122556
122583
122611
122639
122667
122695
122722
122750
122778
122806
122834
122861
122889
122917
122945
122973
123000
123034
123069
123103
123137
123171
123206
123240
123274
123308
123343
123377
123411
123445
123480
123514
123548
123582
123617
123651
123685
123719
123754
123788
123822
123856
123891
123925
123959
123993
124000
124032
124065
124097
124129
124162
124194
124226
124259
124291
124323
124356
124388
124420
124453
124485
124517
124550
124582
124614
124647
124679
124711
124744
124776
124808
124841
124873
124905
124938
124970
125000
125034
125069
125103
125138
125172
125207
125241
125276
125310
125345
125379
125414
125448
125483
125517
125552
125586
125621
125655
125690
125724
125759
125793
125828
125862
125897
125931
125966
126000
126034
126069
126103
126138
126172
126207
126241
126276
126310
126345
126379
126414
126448
126483
126517
126552
126586
126621
126655
126690
126724
126759
126793
126828
126862
126897
126931
126966
127000
127034
127069
127103
127138
127172
127207
127241
127276
127310
127345
127379
127414
127448
127483
127517
127552
127586
127621
127655
127690
127724
127759
127793
127828
127862
127897
127931
127966
128000
128034
128068
128102
128136
128170
128204
128238
128272
128306
128340
128374
128408
128442
128476
128510
128544
128578
128612
128646
128680
128714
128748
128782
128816
128850
128884
128918
128952
128986
129000
129033
129067
129101
129135
129169
129203
129237
129270
129304
129338
129372
129406
129440
129474
129507
129541
129575
129609
129643
129677
129711
129744
129778
129812
129846
129880
129914
129948
129981
130000
130028
130057
130085
130114
130142
130171
130199
130228
130256
130285
130313
130342
130370
130399
130427
130456
130484
130513
130541
130570
130598
130627
130655
130684
130712
130741
130769
130798
130826
130855
130883
130912
130940
130969
130997
131000
131028
131057
131086
131114
131143
131172
131200
131229
131258
131286
131315
131344
131372
131401
131430
131458
131487
131516
131544
131573
131602
131630
131659
131688
131716
131745
131774
131802
131831
131860
131888
131917
131946
131974
132000
132033
132067
132100
132133
132167
132200
132233
132267
132300
132333
132367
132400
132433
132467
132500
132533
132567
132600
132633
132667
132700
132733
132767
132800
132833
132867
132900
132933
132967
133000
133033
133067
133101
133135
133168
133202
133236
133270
133303
133337
133371
133405
133438
133472
133506
133540
133573
133607
133641
133675
133708
133742
133776
133810
133843
133877
133911
133945
133978
134000
134034
134069
134103
134138
134172
134207
134241
134276
134310
134345
134379
134414
134448
134483
134517
134552
134586
134621
134655
134690
134724
134759
134793
134828
134862
134897
134931
134966
135000
135034
135068
135102
135136
135170
135204
135238
135272
135306
135340
135374
135408
135442
135476
135510
135544
135578
135612
135646
135680
135714
135748
135782
135816
135850
135884
135918
135952
135986
136000
136030
136061
136091
136121
136151
136181
136212
136242
136272
136302
136332
136363
136393
136423
136453
136483
136514
136544
136574
136604
136634
136665
136695
136725
136755
136785
136816
136846
136876
136906
136936
136967
136997
137000
137030
137061
137091
137122
137152
137183
137213
137244
137274
137305
137335
137366
137396
137427
137457
137488
137518
137549
137579
137610
137640
137671
137701
137732
137762
137793
137823
137854
137884
137915
137945
137976
138000
138030
138061
138091
138122
138152
138183
138213
138244
138274
138305
138335
138366
138396
138427
138457
138488
138518
138549
138579
138610
138640
138671
138701
138732
138762
138793
138823
138854
138884
138915
138945
138976
139000
139035
139071
139106
139142
139177
139213
139248
139284
139319
139355
139390
139426
139461
139497
139532
139568
139603
139639
139674
139710
139745
139781
139816
139852
139887
139923
139958
139994
140000
140034
140069
140104
140139
140173
140208
140243
140278
140312
140347
140382
140417
140451
140486
140521
140556
140590
140625
140660
140695
140729
140764
140799
140834
140868
140903
140938
140973
141000
141034
141069
141103
141137
141171
141206
141240
141274
141308
141343
141377
141411
141445
141480
141514
141548
141582
141617
141651
141685
141719
141754
141788
141822
141856
141891
141925
141959
141993
143000
143027
143055
143083
143111
143138
143166
143194
143222
143249
143277
143305
143333
143360
143388
143416
143444
143471
143499
143527
143555
143582
143610
143638
143666
143693
143721
143749
143777
143804
143832
143860
143888
143915
143943
143971
143999
144000
144027
144055
144083
144111
144138
144166
144194
144222
144249
144277
144305
144333
144360
144388
144416
144444
144471
144499
144527
144555
144582
144610
144638
144666
144693
144721
144749
144777
144804
144832
144860
144888
144915
144943
144971
144999
145000
145031
145063
145095
145127
145159
145190
145222
145254
145286
145318
145349
145381
145413
145445
145477
145508
145540
145572
145604
145636
145667
145699
145731
145763
145795
145826
145858
145890
145922
145954
145985
146000
146035
146071
146106
146142
146177
146213
146248
146284
146319
146355
146390
146426
146461
146497
146532
146568
146603
146639
146674
146710
146745
146781
146816
146852
146887
146923
146958
146994
147000
147038
147077
147115
147154
147192
147231
147269
147308
147346
147385
147423
147462
147500
147539
147577
147616
147654
147693
147731
147770
147808
147847
147885
147924
147962
148000
148038
148077
148115
148154
148192
148231
148269
148308
148346
148385
148423
148462
148500
148539
148577
148616
148654
148693
148731
148770
148808
148847
148885
148924
148962
149000
149038
149077
149115
149154
149192
149231
149269
149308
149346
149385
149423
149462
149500
149539
149577
149616
149654
149693
149731
149770
149808
149847
149885
149924
149962
150000
150035
150071
150106
150141
150176
150212
150247
150282
150317
150353
150388
150423
150458
150494
150529
150564
150599
150635
150670
150705
150740
150776
150811
150846
150881
150917
150952
150987
151000
151030
151061
151092
151122
151153
151184
151214
151245
151276
151306
151337
151368
151398
151429
151460
151490
151521
151552
151582
151613
151644
151674
151705
151736
151766
151797
151828
151858
151889
151920
151950
151981
153000
153038
153077
153115
153154
153192
153231
153269
153308
153346
153385
153423
153462
153500
153539
153577
153616
153654
153693
153731
153770
153808
153847
153885
153924
153962
154000
154030
154061
154092
154123
154154
154185
154216
154246
154277
154308
154339
154370
154401
154432
154462
154493
154524
154555
154586
154617
154648
154678
154709
154740
154771
154802
154833
154864
154894
154925
154956
154987
155000
155037
155075
155113
155150
155188
155226
155263
155301
155339
155376
155414
155452
155489
155527
155565
155602
155640
155678
155715
155753
155791
155828
155866
155904
155941
155979
156000
156030
156061
156091
156121
156152
156182
156212
156243
156273
156303
156334
156364
156394
156425
156455
156485
156516
156546
156576
156607
156637
156667
156698
156728
156758
156789
156819
156849
156880
156910
156940
156971
157000
157035
157071
157107
157142
157178
157214
157249
157285
157321
157356
157392
157428
157463
157499
157535
157570
157606
157642
157677
157713
157749
157784
157820
157856
157891
157927
157963
157998
158000
158034
158068
158102
158136
158170
158204
158238
158272
158306
158340
158374
158408
158442
158476
158510
158544
158578
158612
158646
158680
158714
158748
158782
158816
158850
158884
158918
158952
158986
159000
159035
159071
159106
159141
159176
159211
159247
159282
159317
159352
159387
159423
159458
159493
159528
159563
159599
159634
159669
159704
159739
159775
159810
159845
159880
159915
159951
159986
160000
160035
160071
160106
160142
160177
160213
160248
160284
160319
160355
160390
160426
160461
160497
160532
160568
160603
160639
160674
160710
160745
160781
160816
160852
160887
160923
160958
160994
161000
161030
161061
161091
161121
161151
161182
161212
161242
161272
161303
161333
161363
161393
161424
161454
161484
161514
161545
161575
161605
161635
161666
161696
161726
161756
161787
161817
161847
161877
161908
161938
161968
161998
162000
162038
162077
162115
162153
162192
162230
162268
162307
162345
162383
162422
162460
162498
162537
162575
162613
162652
162690
162728
162767
162805
162843
162882
162920
162958
162997
163000
163038
163077
163115
163153
163192
163230
163268
163307
163345
163383
163422
163460
163498
163537
163575
163613
163652
163690
163728
163767
163805
163843
163882
163920
163958
163997
164000
164038
164077
164115
164154
164192
164231
164269
164308
164346
164385
164423
164462
164500
164539
164577
164616
164654
164693
164731
164770
164808
164847
164885
164924
164962
165000
165037
165075
165112
165149
165187
165224
165261
165299
165336
165373
165411
165448
165485
165523
165560
165597
165635
165672
165709
165747
165784
165821
165859
165896
165933
165971
166000
166033
166067
166101
166135
166169
166202
166236
166270
166304
166338
166371
166405
166439
166473
166507
166540
166574
166608
166642
166676
166709
166743
166777
166811
166845
166878
166912
166946
166980
167000
167033
167067
167101
167135
167168
167202
167236
167270
167303
167337
167371
167405
167438
167472
167506
167540
167573
167607
167641
167675
167708
167742
167776
167810
167843
167877
167911
167945
167978
168000
168032
168065
168097
168129
168162
168194
168226
168259
168291
168323
168356
168388
168420
168453
168485
168517
168550
168582
168614
168647
168679
168711
168744
168776
168808
168841
168873
168905
168938
168970
169000
169033
169067
169100
169133
169167
169200
169233
169267
169300
169333
169367
169400
169433
169467
169500
169533
169567
169600
169633
169667
169700
169733
169767
169800
169833
169867
169900
169933
169967
170000
170034
170069
170103
170137
170172
170206
170240
170275
170309
170343
170378
170412
170446
170481
170515
170549
170584
170618
170652
170687
170721
170755
170790
170824
170858
170893
170927
170961
170996
171000
171034
171069
171103
171137
171172
171206
171240
171275
171309
171343
171378
171412
171446
171481
171515
171549
171584
171618
171652
171687
171721
171755
171790
171824
171858
171893
171927
171961
171996
172000
172034
172069
172103
172137
172172
172206
172240
172275
172309
172343
172378
172412
172446
172481
172515
172549
172584
172618
172652
172687
172721
172755
172790
172824
172858
172893
172927
172961
172996
173000
173034
173069
173103
173138
173172
173207
173241
173276
173310
173345
173379
173414
173448
173483
173517
173552
173586
173621
173655
173690
173724
173759
173793
173828
173862
173897
173931
173966
174000
174036
174072
174108
174144
174180
174216
174252
174288
174324
174360
174396
174432
174468
174504
174540
174576
174612
174648
174684
174720
174756
174792
174828
174864
174900
174936
174972
175000
175035
175070
175105
175140
175175
175210
175245
175280
175315
175350
175385
175420
175455
175490
175525
175560
175595
175630
175665
175700
175735
175770
175805
175840
175875
175910
175945
175980
176000
176034
176069
176104
176139
176173
176208
176243
176278
176312
176347
176382
176417
176451
176486
176521
176556
176590
176625
176660
176695
176729
176764
176799
176834
176868
176903
176938
176973
177000
177038
177077
177115
177153
177192
177230
177268
177307
177345
177383
177422
177460
177498
177537
177575
177613
177652
177690
177728
177767
177805
177843
177882
177920
177958
177997
178000
178038
178077
178116
178155
178194
178232
178271
178310
178349
178388
178426
178465
178504
178543
178582
178620
178659
178698
178737
178776
178814
178853
178892
178931
178970
179000
179038
179077
179115
179153
179192
179230
179268
179307
179345
179383
179422
179460
179498
179537
179575
179613
179652
179690
179728
179767
179805
179843
179882
179920
179958
179997
180000
180038
180077
180116
180154
180193
180232
180270
180309
180348
180386
180425
180464
180502
180541
180580
180618
180657
180696
180734
180773
180812
180850
180889
180928
180966
181000
181035
181071
181106
181142
181177
181213
181248
181284
181319
181355
181390
181426
181461
181497
181532
181568
181603
181639
181674
181710
181745
181781
181816
181852
181887
181923
181958
181994
182000
182028
182057
182086
182114
182143
182172
182200
182229
182258
182286
182315
182344
182372
182401
182430
182458
182487
182516
182544
182573
182602
182630
182659
182688
182716
182745
182774
182802
182831
182860
182888
182917
182946
182974
183000
183030
183061
183092
183123
183154
183184
183215
183246
183277
183308
183338
183369
183400
183431
183462
183492
183523
183554
183585
183616
183646
183677
183708
183739
183770
183800
183831
183862
183893
183924
183954
183985
184000
184037
184074
184111
184148
184185
184222
184259
184296
184333
184370
184407
184444
184481
184518
184555
184592
184629
184666
184703
184740
184777
184814
184851
184888
184925
184962
184999
185000
185032
185064
185096
185128
185160
185192
185224
185256
185288
185320
185352
185384
185416
185448
185480
185512
185544
185576
185608
185640
185672
185704
185736
185768
185800
185832
185864
185896
185928
185960
185992
186000
186045
186091
186136
186181
186226
186272
186317
186362
186407
186453
186498
186543
186588
186634
186679
186724
186769
186815
186860
186905
186950
186996
187000
187042
187085
187127
187169
187211
187254
187296
187338
187380
187423
187465
187507
187549
187592
187634
187676
187718
187761
187803
187845
187887
187930
187972
188000
188039
188079
188119
188159
188199
188238
188278
188318
188358
188398
188437
188477
188517
188557
188597
188636
188676
188716
188756
188796
188835
188875
188915
188955
188995
189000
189039
189079
189119
189159
189198
189238
189278
189318
189357
189397
189437
189477
189516
189556
189596
189636
189675
189715
189755
189795
189834
189874
189914
189954
189993
190000
190035
190071
190107
190142
190178
190214
190249
190285
190321
190356
190392
190428
190463
190499
190535
190570
190606
190642
190677
190713
190749
190784
190820
190856
190891
190927
190963
190998
191000
191028
191057
191086
191114
191143
191172
191200
191229
191258
191286
191315
191344
191372
191401
191430
191458
191487
191516
191544
191573
191602
191630
191659
191688
191716
191745
191774
191802
191831
191860
191888
191917
191946
191974
192000
192028
192057
192085
192113
192142
192170
192198
192227
192255
192283
192312
192340
192368
192397
192425
192453
192482
192510
192538
192567
192595
192623
192652
192680
192708
192737
192765
192793
192822
192850
192878
192907
192935
192963
192992
193000
193028
193056
193084
193112
193140
193168
193196
193224
193252
193280
193308
193336
193364
193392
193420
193448
193476
193504
193532
193560
193588
193616
193644
193672
193700
193728
193756
193784
193812
193840
193868
193896
193924
193952
193980
194000
194032
194065
194098
194131
194163
194196
194229
194262
194294
194327
194360
194393
194425
194458
194491
194524
194556
194589
194622
194655
194687
194720
194753
194786
194818
194851
194884
194917
194949
194982
195000
195036
195073
195110
195146
195183
195220
195256
195293
195330
195366
195403
195440
195476
195513
195550
195586
195623
195660
195696
195733
195770
195806
195843
195880
195916
195953
195990
196000
196035
196071
196107
196142
196178
196214
196249
196285
196321
196356
196392
196428
196463
196499
196535
196570
196606
196642
196677
196713
196749
196784
196820
196856
196891
196927
196963
196998
197000
197034
197069
197103
197138
197172
197207
197241
197276
197310
197345
197379
197414
197448
197483
197517
197552
197586
197621
197655
197690
197724
197759
197793
197828
197862
197897
197931
197966
198000
198030
198061
198091
198121
198151
198182
198212
198242
198272
198303
198333
198363
198393
198424
198454
198484
198514
198545
198575
198605
198635
198666
198696
198726
198756
198787
198817
198847
198877
198908
198938
198968
198998
199000
199038
199077
199115
199153
199192
199230
199268
199307
199345
199383
199422
199460
199498
199537
199575
199613
199652
199690
199728
199767
199805
199843
199882
199920
199958
199997
200000
200037
200075
200113
200151
200189
200226
200264
200302
200340
200378
200415
200453
200491
200529
200567
200604
200642
200680
200718
200756
200793
200831
200869
200907
200945
200982
201000
201037
201075
201113
201151
201189
201227
201264
201302
201340
201378
201416
201454
201491
201529
201567
201605
201643
201681
201718
201756
201794
201832
201870
201908
201945
201983
202000
202037
202075
202112
202150
202187
202225
202262
202300
202337
202375
202412
202450
202487
202525
202562
202600
202637
202675
202712
202750
202787
202825
202862
202900
202937
202975
203000
203029
203059
203089
203119
203149
203179
203208
203238
203268
203298
203328
203358
203387
203417
203447
203477
203507
203537
203566
203596
203626
203656
203686
203716
203745
203775
203805
203835
203865
203895
203924
203954
203984
204000
204034
204069
204103
204137
204172
204206
204240
204275
204309
204343
204378
204412
204446
204481
204515
204549
204584
204618
204652
204687
204721
204755
204790
204824
204858
204893
204927
204961
204996
205000
205029
205059
205089
205118
205148
205178
205207
205237
205267
205296
205326
205356
205385
205415
205445
205474
205504
205534
205563
205593
205623
205652
205682
205712
205741
205771
205801
205830
205860
205890
205919
205949
205979
206000
206043
206087
206131
206175
206219
206262
206306
206350
206394
206438
206481
206525
206569
206613
206657
206700
206744
206788
206832
206876
206919
206963
207000
207050
207101
207151
207201
207252
207302
207352
207403
207453
207503
207554
207604
207654
207705
207755
207805
207856
207906
207956
208000
208051
208103
208154
208205
208257
208308
208359
208411
208462
208513
208565
208616
208667
208719
208770
208821
208873
208924
208975
209000
209047
209095
209142
209189
209236
209283
209331
209378
209425
209472
209519
209567
209614
209661
209708
209755
209803
209850
209897
209944
209991
210000
210035
210071
210107
210142
210178
210214
210249
210285
210321
210356
210392
210428
210463
210499
210535
210570
210606
210642
210677
210713
210749
210784
210820
210856
210891
210927
210963
210998
211000
211029
211059
211089
211118
211148
211178
211207
211237
211267
211296
211326
211356
211385
211415
211445
211474
211504
211534
211563
211593
211623
211652
211682
211712
211741
211771
211801
211830
211860
211890
211919
211949
211979
212000
212034
212069
212103
212137
212172
212206
212240
212275
212309
212343
212378
212412
212446
212481
212515
212549
212584
212618
212652
212687
212721
212755
212790
212824
212858
212893
212927
212961
212996
213000
213028
213056
213084
213112
213140
213168
213196
213224
213252
213280
213308
213336
213364
213392
213420
213448
213476
213504
213532
213560
213588
213616
213644
213672
213700
213728
213756
213784
213812
213840
213868
213896
213924
213952
213980
214000
214034
214069
214103
214137
214172
214206
214240
214275
214309
214343
214378
214412
214446
214481
214515
214549
214584
214618
214652
214687
214721
214755
214790
214824
214858
214893
214927
214961
214996
215000
215034
215069
215103
215137
215172
215206
215240
215275
215309
215343
215378
215412
215446
215481
215515
215549
215584
215618
215652
215687
215721
215755
215790
215824
215858
215893
215927
215961
215996
216000
216036
216073
216109
216145
216182
216218
216254
216291
216327
216363
216400
216436
216472
216509
216545
216581
216618
216654
216690
216727
216763
216799
216836
216872
216908
216945
216981
217000
217036
217073
217109
217145
217182
217218
217254
217291
217327
217363
217400
217436
217472
217509
217545
217581
217618
217654
217690
217727
217763
217799
217836
217872
217908
217945
217981
218000
218036
218073
218109
218145
218182
218218
218254
218291
218327
218363
218400
218436
218472
218509
218545
218581
218618
218654
218690
218727
218763
218799
218836
218872
218908
218945
218981
219000
219029
219059
219088
219117
219146
219176
219205
219234
219263
219293
219322
219351
219380
219410
219439
219468
219497
219527
219556
219585
219614
219644
219673
219702
219731
219761
219790
219819
219848
219878
219907
219936
219965
219995
220000
220029
220059
220088
220117
220146
220176
220205
220234
220263
220293
220322
220351
220380
220410
220439
220468
220497
220527
220556
220585
220614
220644
220673
220702
220731
220761
220790
220819
220848
220878
220907
220936
220965
220995
221000
221027
221055
221083
221111
221138
221166
221194
221222
221249
221277
221305
221333
221360
221388
221416
221444
221471
221499
221527
221555
221582
221610
221638
221666
221693
221721
221749
221777
221804
221832
221860
221888
221915
221943
221971
221999
222000
222029
222059
222089
222119
222149
222178
222208
222238
222268
222298
222327
222357
222387
222417
222447
222476
222506
222536
222566
222596
222625
222655
222685
222715
222745
222774
222804
222834
222864
222894
222923
222953
222983
223000
223040
223081
223122
223163
223204
223245
223286
223326
223367
223408
223449
223490
223531
223572
223612
223653
223694
223735
223776
223817
223858
223898
223939
223980
224000
224041
224083
224124
224166
224207
224249
224290
224332
224373
224415
224456
224498
224539
224581
224622
224664
224705
224747
224788
224830
224871
224913
224954
224996
225000
225042
225085
225127
225169
225211
225253
225296
225338
225380
225422
225464
225507
225549
225591
225633
225675
225718
225760
225802
225844
225886
225929
225971
226000
226038
226077
226115
226153
226191
226229
226268
226306
226344
226382
226420
226459
226497
226535
226573
226611
226650
226688
226726
226764
226802
226841
226879
226917
226955
226993
227000
227036
227073
227109
227146
227182
227219
227255
227292
227328
227365
227401
227438
227474
227511
227547
227584
227620
227657
227693
227730
227766
227803
227839
227876
227912
227949
227985
228000
228034
228069
228104
228139
228173
228208
228243
228278
228312
228347
228382
228417
228451
228486
228521
228556
228590
228625
228660
228695
228729
228764
228799
228834
228868
228903
228938
228973
229000
229035
229071
229106
229142
229177
229213
229248
229284
229319
229355
229390
229426
229461
229497
229532
229568
229603
229639
229674
229710
229745
229781
229816
229852
229887
229923
229958
229994
230000
230035
230071
230106
230142
230177
230213
230248
230284
230319
230355
230390
230426
230461
230497
230532
230568
230603
230639
230674
230710
230745
230781
230816
230852
230887
230923
230958
230994
231000
231034
231069
231103
231137
231171
231206
231240
231274
231308
231343
231377
231411
231445
231480
231514
231548
231582
231617
231651
231685
231719
231754
231788
231822
231856
231891
231925
231959
231993
232000
232035
232071
232107
232142
232178
232214
232249
232285
232321
232356
232392
232428
232463
232499
232535
232570
232606
232642
232677
232713
232749
232784
232820
232856
232891
232927
232963
232998
233000
233034
233069
233103
233138
233172
233207
233241
233276
233310
233345
233379
233414
233448
233483
233517
233552
233586
233621
233655
233690
233724
233759
233793
233828
233862
233897
233931
233966
234000
234036
234073
234109
234146
234182
234219
234255
234292
234328
234365
234401
234438
234474
234511
234547
234584
234620
234657
234693
234730
234766
234803
234839
234876
234912
234949
234985
235000
235035
235071
235107
235142
235178
235214
235249
235285
235321
235356
235392
235428
235463
235499
235535
235570
235606
235642
235677
235713
235749
235784
235820
235856
235891
235927
235963
235998
236000
236035
236071
236106
236142
236177
236213
236248
236284
236319
236355
236390
236426
236461
236497
236532
236568
236603
236639
236674
236710
236745
236781
236816
236852
236887
236923
236958
236994
237000
237035
237071
237107
237143
237179
237214
237250
237286
237322
237358
237393
237429
237465
237501
237537
237572
237608
237644
237680
237716
237751
237787
237823
237859
237895
237930
237966
238000
238034
238069
238104
238139
238173
238208
238243
238278
238312
238347
238382
238417
238451
238486
238521
238556
238590
238625
238660
238695
238729
238764
238799
238834
238868
238903
238938
238973
239000
239034
239069
239104
239138
239173
239208
239242
239277
239312
239346
239381
239416
239450
239485
239520
239554
239589
239624
239658
239693
239728
239762
239797
239832
239866
239901
239936
239970
240000
240035
240071
240106
240142
240177
240213
240248
240284
240319
240355
240390
240426
240461
240497
240532
240568
240603
240639
240674
240710
240745
240781
240816
240852
240887
240923
240958
240994
241000
241035
241071
241106
241141
241177
241212
241247
241283
241318
241353
241389
241424
241459
241495
241530
241565
241601
241636
241671
241707
241742
241777
241813
241848
241883
241919
241954
241989
242000
242029
242058
242087
242116
242145
242174
242203
242232
242261
242290
242319
242348
242377
242406
242435
242464
242493
242522
242551
242580
242609
242638
242667
242696
242725
242754
242783
242812
242841
242870
242899
242928
242957
242986
243000
243029
243058
243087
243116
243145
243174
243203
243232
243261
243290
243319
243348
243377
243406
243435
243464
243493
243522
243551
243580
243609
243638
243667
243696
243725
243754
243783
243812
243841
243870
243899
243928
243957
243986
244000
244035
244071
244106
244141
244176
244212
244247
244282
244317
244353
244388
244423
244458
244494
244529
244564
244599
244635
244670
244705
244740
244776
244811
244846
244881
244917
244952
244987
245000
245035
245071
245107
245142
245178
245214
245249
245285
245321
245356
245392
245428
245463
245499
245535
245570
245606
245642
245677
245713
245749
245784
245820
245856
245891
245927
245963
245998
246000
246036
246073
246109
246145
246181
246218
246254
246290
246326
246363
246399
246435
246471
246508
246544
246580
246616
246653
246689
246725
246761
246798
246834
246870
246906
246943
246979
247000
247037
247075
247112
247150
247187
247225
247262
247300
247337
247375
247412
247450
247487
247525
247562
247600
247637
247675
247712
247750
247787
247825
247862
247900
247937
247975
248000
248036
248073
248110
248147
248184
248220
248257
248294
248331
248368
248404
248441
248478
248515
248552
248588
248625
248662
248699
248736
248772
248809
248846
248883
248920
248956
248993
249000
249037
249075
249112
249150
249187
249225
249262
249300
249337
249375
249412
249450
249487
249525
249562
249600
249637
249675
249712
249750
249787
249825
249862
249900
249937
249975
250000
250037
250075
250113
250150
250188
250226
250263
250301
250339
250376
250414
250452
250489
250527
250565
250602
250640
250678
250715
250753
250791
250828
250866
250904
250941
250979
251000
251034
251069
251103
251138
251172
251207
251241
251276
251310
251345
251379
251414
251448
251483
251517
251552
251586
251621
251655
251690
251724
251759
251793
251828
251862
251897
251931
251966
252000
252044
252089
252134
252178
252223
252268
252312
252357
252402
252446
252491
252536
252580
252625
252670
252714
252759
252804
252848
252893
252938
252982
253000
253060
253121
253182
253243
253304
253365
253426
253487
253548
253608
253669
253730
253791
253852
253913
253974
254000
254191
254383
254574
254765
254956
255000
255255
255511
255767
256000
256165
256331
256496
256662
256827
256993
257000
257095
257191
257286
257382
257477
257573
257668
257764
257859
257955
258000
258067
258135
258202
258269
258337
258404
258471
258539
258606
258673
258741
258808
258875
258943
259000
259050
259101
259152
259202
259253
259304
259354
259405
259456
259506
259557
259608
259658
259709
259760
259810
259861
259912
259962
260000
260039
260079
260118
260158
260197
260237
260276
260316
260355
260395
260434
260474
260513
260553
260592
260632
260671
260711
260750
260790
260829
260869
260908
260948
260987
261000
261036
261073
261109
261146
261182
261219
261255
261292
261328
261365
261401
261438
261474
261511
261547
261584
261620
261657
261693
261730
261766
261803
261839
261876
261912
261949
261985
262000
262035
262071
262107
262142
262178
262214
262249
262285
262321
262356
262392
262428
262463
262499
262535
262570
262606
262642
262677
262713
262749
262784
262820
262856
262891
262927
262963
262998
263000
263036
263073
263110
263146
263183
263220
263256
263293
263330
263366
263403
263440
263476
263513
263550
263586
263623
263660
263696
263733
263770
263806
263843
263880
263916
263953
263990
264000
264036
264073
264109
264145
264181
264218
264254
264290
264326
264363
264399
264435
264471
264508
264544
264580
264616
264653
264689
264725
264761
264798
264834
264870
264906
264943
264979
265000
265032
265065
265098
265130
265163
265196
265228
265261
265294
265326
265359
265392
265424
265457
265490
265522
265555
265588
265620
265653
265686
265718
265751
265784
265816
265849
265882
265914
265947
265980
266000
266032
266065
266098
266131
266163
266196
266229
266262
266294
266327
266360
266393
266425
266458
266491
266524
266556
266589
266622
266655
266687
266720
266753
266786
266818
266851
266884
266917
266949
266982
267000
267032
267065
267098
267131
267163
267196
267229
267262
267294
267327
267360
267393
267425
267458
267491
267524
267556
267589
267622
267655
267687
267720
267753
267786
267818
267851
267884
267917
267949
267982
268000
268032
268065
268098
268131
268164
268196
268229
268262
268295
268328
268360
268393
268426
268459
268492
268524
268557
268590
268623
268656
268688
268721
268754
268787
268820
268852
268885
268918
268951
268984
269000
269032
269065
269098
269131
269164
269196
269229
269262
269295
269328
269360
269393
269426
269459
269492
269524
269557
269590
269623
269656
269688
269721
269754
269787
269820
269852
269885
269918
269951
269984
270000
270029
270059
270089
270118
270148
270178
270207
270237
270267
270296
270326
270356
270385
270415
270445
270474
270504
270534
270563
270593
270623
270652
270682
270712
270741
270771
270801
270830
270860
270890
270919
270949
270979
271000
271029
271059
271089
271118
271148
271178
271207
271237
271267
271296
271326
271356
271385
271415
271445
271474
271504
271534
271563
271593
271623
271652
271682
271712
271741
271771
271801
271830
271860
271890
271919
271949
271979
272000
272036
272073
272109
272146
272182
272219
272255
272292
272328
272365
272401
272438
272474
272511
272547
272584
272620
272657
272693
272730
272766
272803
272839
272876
272912
272949
272985
273000
273029
273059
273089
273118
273148
273178
273207
273237
273267
273296
273326
273356
273385
273415
273445
273474
273504
273534
273563
273593
273623
273652
273682
273712
273741
273771
273801
273830
273860
273890
273919
273949
273979
274000
274036
274073
274109
274146
274182
274219
274255
274292
274328
274365
274401
274438
274474
274511
274547
274584
274620
274657
274693
274730
274766
274803
274839
274876
274912
274949
274985
275000
275036
275073
275109
275145
275181
275218
275254
275290
275326
275363
275399
275435
275471
275508
275544
275580
275616
275653
275689
275725
275761
275798
275834
275870
275906
275943
275979
276000
276036
276073
276110
276147
276184
276221
276258
276295
276332
276368
276405
276442
276479
276516
276553
276590
276627
276664
276700
276737
276774
276811
276848
276885
276922
276959
276996
277000
277036
277073
277109
277146
277182
277219
277255
277292
277328
277365
277401
277438
277474
277511
277547
277584
277620
277657
277693
277730
277766
277803
277839
277876
277912
277949
277985
278000
278037
278075
278112
278149
278186
278224
278261
278298
278335
278373
278410
278447
278484
278522
278559
278596
278633
278671
278708
278745
278782
278820
278857
278894
278931
278969
279000
279037
279075
279113
279150
279188
279226
279263
279301
279339
279376
279414
279452
279489
279527
279565
279602
279640
279678
279715
279753
279791
279828
279866
279904
279941
279979
280000
280036
280072
280108
280144
280180
280216
280252
280288
280324
280360
280396
280432
280468
280504
280540
280576
280612
280648
280684
280720
280756
280792
280828
280864
280900
280936
280972
281000
281035
281071
281106
281142
281177
281213
281248
281284
281319
281355
281390
281426
281461
281497
281532
281568
281603
281639
281674
281710
281745
281781
281816
281852
281887
281923
281958
281994
282000
282035
282071
282106
282142
282177
282213
282248
282284
282319
282355
282390
282426
282461
282497
282532
282568
282603
282639
282674
282710
282745
282781
282816
282852
282887
282923
282958
282994
283000
283034
283069
283104
283138
283173
283208
283242
283277
283312
283346
283381
283416
283450
283485
283520
283554
283589
283624
283658
283693
283728
283762
283797
283832
283866
283901
283936
283970
284000
284034
284069
284104
284139
284174
284209
284244
284279
284314
284348
284383
284418
284453
284488
284523
284558
284593
284628
284662
284697
284732
284767
284802
284837
284872
284907
284942
284976
285000
285035
285071
285106
285141
285176
285212
285247
285282
285317
285353
285388
285423
285458
285494
285529
285564
285599
285635
285670
285705
285740
285776
285811
285846
285881
285917
285952
285987
286000
286036
286073
286109
286145
286181
286218
286254
286290
286326
286363
286399
286435
286471
286508
286544
286580
286616
286653
286689
286725
286761
286798
286834
286870
286906
286943
286979
287000
287030
287061
287092
287123
287153
287184
287215
287246
287276
287307
287338
287369
287399
287430
287461
287492
287522
287553
287584
287615
287645
287676
287707
287738
287768
287799
287830
287861
287891
287922
287953
287984
288000
288041
288083
288124
288165
288206
288248
288289
288330
288371
288413
288454
288495
288536
288578
288619
288660
288701
288743
288784
288825
288866
288908
288949
288990
289000
289043
289087
289130
289173
289217
289260
289303
289347
289390
289433
289477
289520
289563
289607
289650
289693
289737
289780
289823
289867
289910
289953
289997
290000
290046
290093
290139
290185
290232
290278
290324
290371
290417
290463
290510
290556
290602
290649
290695
290741
290788
290834
290880
290927
290973
291000
291044
291089
291133
291178
291222
291267
291311
291356
291400
291445
291489
291534
291578
291623
291667
291712
291756
291801
291845
291890
291934
291979
292000
292038
292077
292115
292153
292192
292230
292268
292307
292345
292383
292422
292460
292498
292537
292575
292613
292652
292690
292728
292767
292805
292843
292882
292920
292958
292997
293000
293034
293069
293103
293137
293172
293206
293240
293275
293309
293343
293378
293412
293446
293481
293515
293549
293584
293618
293652
293687
293721
293755
293790
293824
293858
293893
293927
293961
293996
294000
294033
294066
294099
294132
294165
294198
294231
294264
294297
294330
294363
294396
294429
294462
294495
294528
294561
294594
294627
294660
294693
294726
294759
294792
294825
294858
294891
294924
294957
294990
295000
295032
295065
295097
295129
295161
295194
295226
295258
295290
295323
295355
295387
295419
295452
295484
295516
295548
295581
295613
295645
295677
295710
295742
295774
295806
295839
295871
295903
295935
295968
296000
296035
296071
296107
296142
296178
296214
296249
296285
296321
296356
296392
296428
296463
296499
296535
296570
296606
296642
296677
296713
296749
296784
296820
296856
296891
296927
296963
296998
297000
297039
297079
297118
297157
297196
297235
297275
297314
297353
297392
297431
297471
297510
297549
297588
297627
297667
297706
297745
297784
297823
297863
297902
297941
297980
298000
298041
298083
298124
298165
298207
298248
298289
298331
298372
298413
298455
298496
298537
298579
298620
298661
298703
298744
298785
298827
298868
298909
298951
298992
299000
299041
299083
299125
299167
299209
299251
299292
299334
299376
299418
299460
299502
299543
299585
299627
299669
299711
299753
299794
299836
299878
299920
299962
300000
300040
300081
300121
300162
300202
300243
300283
300324
300364
300405
300445
300486
300526
300567
300607
300648
300688
300729
300769
300810
300850
300891
300931
300972
301000
301036
301073
301110
301147
301184
301221
301258
301295
301332
301368
301405
301442
301479
301516
301553
301590
301627
301664
301700
301737
301774
301811
301848
301885
301922
301959
301996
302000
302035
302071
302107
302143
302178
302214
302250
302286
302321
302357
302393
302429
302464
302500
302536
302572
302607
302643
302679
302715
302750
302786
302822
302858
302893
302929
302965
303000
303035
303071
303107
303143
303178
303214
303250
303286
303321
303357
303393
303429
303464
303500
303536
303572
303607
303643
303679
303715
303750
303786
303822
303858
303893
303929
303965
304000
304036
304073
304109
304146
304182
304219
304255
304292
304328
304365
304401
304438
304474
304511
304547
304584
304620
304657
304693
304730
304766
304803
304839
304876
304912
304949
304985
305000
305035
305071
305106
305141
305177
305212
305247
305283
305318
305353
305389
305424
305459
305495
305530
305565
305601
305636
305671
305707
305742
305777
305813
305848
305883
305919
305954
305989
306000
306034
306069
306104
306138
306173
306208
306242
306277
306312
306346
306381
306416
306450
306485
306520
306554
306589
306624
306658
306693
306728
306762
306797
306832
306866
306901
306936
306970
307000
307035
307071
307107
307143
307179
307214
307250
307286
307322
307358
307393
307429
307465
307501
307537
307572
307608
307644
307680
307716
307751
307787
307823
307859
307895
307930
307966
308000
308035
308071
308107
308143
308178
308214
308250
308286
308321
308357
308393
308429
308464
308500
308536
308572
308607
308643
308679
308715
308750
308786
308822
308858
308893
308929
308965
309000
309034
309069
309103
309137
309171
309205
309240
309274
309308
309342
309376
309411
309445
309479
309513
309547
309582
309616
309650
309684
309718
309753
309787
309821
309855
309889
309924
309958
309992
310000
310034
310069
310103
310137
310171
310205
310240
310274
310308
310342
310376
310411
310445
310479
310513
310547
310582
310616
310650
310684
310718
310753
310787
310821
310855
310889
310924
310958
310992
311000
311034
311069
311104
311138
311173
311208
311242
311277
311312
311346
311381
311416
311450
311485
311520
311554
311589
311624
311658
311693
311728
311762
311797
311832
311866
311901
311936
311970
312000
312035
312071
312106
312142
312177
312213
312248
312284
312319
312355
312390
312426
312461
312497
312532
312568
312603
312639
312674
312710
312745
312781
312816
312852
312887
312923
312958
312994
313000
313035
313071
313107
313143
313178
313214
313250
313286
313321
313357
313393
313429
313464
313500
313536
313572
313607
313643
313679
313715
313750
313786
313822
313858
313893
313929
313965
314000
314035
314071
314106
314142
314177
314213
314248
314284
314319
314355
314390
314426
314461
314497
314532
314568
314603
314639
314674
314710
314745
314781
314816
314852
314887
314923
314958
314994
315000
315028
315057
315086
315114
315143
315172
315200
315229
315258
315286
315315
315344
315372
315401
315430
315458
315487
315516
315544
315573
315602
315630
315659
315688
315716
315745
315774
315802
315831
315860
315888
315917
315946
315974
316000
316034
316068
316102
316136
316170
316204
316238
316272
316306
316340
316374
316408
316442
316476
316510
316544
316578
316612
316646
316680
316714
316748
316782
316816
316850
316884
316918
316952
316986
317000
317028
317057
317085
317113
317141
317170
317198
317226
317254
317283
317311
317339
317367
317396
317424
317452
317480
317509
317537
317565
317593
317622
317650
317678
317706
317735
317763
317791
317819
317848
317876
317904
317932
317961
317989
318000
318032
318065
318097
318129
318162
318194
318226
318259
318291
318323
318356
318388
318420
318453
318485
318517
318550
318582
318614
318647
318679
318711
318744
318776
318808
318841
318873
318905
318938
318970
319000
319034
319069
319103
319138
319172
319207
319241
319276
319310
319345
319379
319414
319448
319483
319517
319552
319586
319621
319655
319690
319724
319759
319793
319828
319862
319897
319931
319966
320000
320034
320069
320103
320137
320171
320205
320240
320274
320308
320342
320376
320411
320445
320479
320513
320547
320582
320616
320650
320684
320718
320753
320787
320821
320855
320889
320924
320958
320992
321000
321034
321068
321102
321136
321170
321204
321238
321272
321306
321340
321374
321408
321442
321476
321510
321544
321578
321612
321646
321680
321714
321748
321782
321816
321850
321884
321918
321952
321986
322000
322034
322068
322102
322136
322170
322204
322238
322272
322306
322340
322374
322408
322442
322476
322510
322544
322578
322612
322646
322680
322714
322748
322782
322816
322850
322884
322918
322952
322986
323000
323034
323068
323102
323136
323170
323204
323238
323272
323306
323340
323374
323408
323442
323476
323510
323544
323578
323612
323646
323680
323714
323748
323782
323816
323850
323884
323918
323952
323986
324000
324033
324067
324101
324134
324168
324202
324235
324269
324303
324336
324370
324404
324437
324471
324505
324538
324572
324606
324639
324673
324707
324740
324774
324808
324841
324875
324909
324942
324976
325000
325035
325071
325106
325141
325176
325211
325247
325282
325317
325352
325387
325423
325458
325493
325528
325563
325599
325634
325669
325704
325739
325775
325810
325845
325880
325915
325951
325986
326000
326033
326067
326101
326135
326169
326202
326236
326270
326304
326338
326371
326405
326439
326473
326507
326540
326574
326608
326642
326676
326709
326743
326777
326811
326845
326878
326912
326946
326980
327000
327034
327069
327103
327137
327172
327206
327240
327275
327309
327343
327378
327412
327446
327481
327515
327549
327584
327618
327652
327687
327721
327755
327790
327824
327858
327893
327927
327961
327996
328000
328034
328069
328104
328139
328174
328209
328244
328279
328314
328349
328383
328418
328453
328488
328523
328558
328593
328628
328663
328698
328732
328767
328802
328837
328872
328907
328942
328977
329000
329034
329069
329104
329139
329174
329209
329243
329278
329313
329348
329383
329418
329452
329487
329522
329557
329592
329627
329661
329696
329731
329766
329801
329836
329870
329905
329940
329975
330000
330035
330071
330107
330143
330179
330215
330250
330286
330322
330358
330394
330430
330465
330501
330537
330573
330609
330645
330680
330716
330752
330788
330824
330860
330895
330931
330967
331000
331035
331071
331106
331141
331177
331212
331247
331283
331318
331353
331389
331424
331459
331495
331530
331565
331601
331636
331671
331707
331742
331777
331813
331848
331883
331919
331954
331989
332000
332035
332071
332106
332141
332177
332212
332247
332283
332318
332353
332389
332424
332459
332495
332530
332565
332601
332636
332671
332707
332742
332777
332813
332848
332883
332919
332954
332989
333000
333035
333071
333106
333141
333177
333212
333247
333283
333318
333353
333389
333424
333459
333495
333530
333565
333601
333636
333671
333707
333742
333777
333813
333848
333883
333919
333954
333989
334000
334035
334071
334106
334141
334177
334212
334247
334283
334318
334353
334389
334424
334459
334495
334530
334565
334601
334636
334671
334707
334742
334777
334813
334848
334883
334919
334954
334989
335000
335034
335069
335103
335138
335172
335207
335241
335276
335310
335345
335379
335414
335448
335483
335517
335552
335586
335621
335655
335690
335724
335759
335793
335828
335862
335897
335931
335966
336000
336034
336069
336104
336139
336174
336209
336243
336278
336313
336348
336383
336418
336452
336487
336522
336557
336592
336627
336661
336696
336731
336766
336801
336836
336870
336905
336940
336975
337000
337034
337069
337104
337138
337173
337208
337242
337277
337312
337346
337381
337416
337450
337485
337520
337554
337589
337624
337658
337693
337728
337762
337797
337832
337866
337901
337936
337970
338000
338035
338071
338106
338142
338177
338213
338248
338284
338319
338355
338390
338426
338461
338497
338532
338568
338603
338639
338674
338710
338745
338781
338816
338852
338887
338923
338958
338994
339000
339036
339073
339109
339145
339182
339218
339254
339291
339327
339363
339400
339436
339472
339509
339545
339581
339618
339654
339690
339727
339763
339799
339836
339872
339908
339945
339981
340000
340036
340073
340109
340145
340182
340218
340254
340291
340327
340363
340400
340436
340472
340509
340545
340581
340618
340654
340690
340727
340763
340799
340836
340872
340908
340945
340981
341000
341035
341071
341106
341142
341177
341213
341248
341284
341319
341355
341390
341426
341461
341497
341532
341568
341603
341639
341674
341710
341745
341781
341816
341852
341887
341923
341958
341994
342000
342035
342070
342105
342140
342175
342210
342245
342280
342315
342350
342385
342420
342455
342490
342525
342560
342595
342630
342665
342700
342735
342770
342805
342840
342875
342910
342945
342980
343000
343035
343071
343106
343141
343177
343212
343247
343283
343318
343353
343389
343424
343459
343495
343530
343565
343601
343636
343671
343707
343742
343777
343813
343848
343883
343919
343954
343989
344000
344034
344069
344104
344138
344173
344208
344242
344277
344312
344346
344381
344416
344450
344485
344520
344554
344589
344624
344658
344693
344728
344762
344797
344832
344866
344901
344936
344970
345000
345034
345069
345104
345139
345174
345209
345244
345279
345314
345349
345383
345418
345453
345488
345523
345558
345593
345628
345663
345698
345732
345767
345802
345837
345872
345907
345942
345977
346000
346035
346071
346107
346143
346179
346215
346251
346286
346322
346358
346394
346430
346466
346502
346537
346573
346609
346645
346681
346717
346753
346788
346824
346860
346896
346932
346968
347000
347035
347070
347105
347140
347175
347210
347245
347280
347315
347350
347385
347420
347455
347490
347525
347560
347595
347630
347665
347700
347735
347770
347805
347840
347875
347910
347945
347980
348000
348037
348075
348112
348150
348187
348225
348262
348300
348337
348375
348412
348450
348487
348525
348562
348600
348637
348675
348712
348750
348787
348825
348862
348900
348937
348975
349000
349032
349065
349097
349129
349162
349194
349226
349259
349291
349323
349356
349388
349420
349453
349485
349517
349550
349582
349614
349647
349679
349711
349744
349776
349808
349841
349873
349905
349938
349970
350000
350031
350063
350095
350127
350159
350191
350223
350255
350287
350318
350350
350382
350414
350446
350478
350510
350542
350574
350605
350637
350669
350701
350733
350765
350797
350829
350861
350892
350924
350956
350988
351000
351034
351069
351104
351139
351174
351208
351243
351278
351313
351348
351382
351417
351452
351487
351522
351556
351591
351626
351661
351696
351730
351765
351800
351835
351870
351904
351939
351974
352000
352038
352077
352115
352154
352192
352231
352269
352308
352346
352385
352423
352462
352500
352539
352577
352616
352654
352693
352731
352770
352808
352847
352885
352924
352962
353000
353037
353075
353113
353151
353189
353227
353265
353302
353340
353378
353416
353454
353492
353530
353567
353605
353643
353681
353719
353757
353795
353832
353870
353908
353946
353984
354000
354038
354077
354115
354153
354191
354229
354268
354306
354344
354382
354420
354459
354497
354535
354573
354611
354650
354688
354726
354764
354802
354841
354879
354917
354955
354993
355000
355038
355077
355116
355154
355193
355232
355270
355309
355348
355386
355425
355464
355502
355541
355580
355618
355657
355696
355734
355773
355812
355850
355889
355928
355966
356000
356039
356079
356118
356157
356197
356236
356275
356315
356354
356393
356433
356472
356511
356551
356590
356629
356669
356708
356747
356787
356826
356865
356905
356944
356983
357000
357039
357079
357119
357159
357198
357238
357278
357318
357357
357397
357437
357477
357516
357556
357596
357636
357675
357715
357755
357795
357834
357874
357914
357954
357993
358000
358031
358063
358094
358125
358157
358188
358219
358251
358282
358313
358345
358376
358407
358439
358470
358501
358533
358564
358595
358627
358658
358689
358721
358752
358783
358815
358846
358877
358909
358940
358971
359000
359031
359063
359094
359125
359157
359188
359219
359251
359282
359313
359345
359376
359407
359439
359470
359501
359533
359564
359595
359627
359658
359689
359721
359752
359783
359815
359846
359877
359909
359940
359971
360000
360033
360067
360101
360134
360168
360202
360235
360269
360303
360336
360370
360404
360437
360471
360505
360538
360572
360606
360639
360673
360707
360740
360774
360808
360841
360875
360909
360942
360976
361000
361035
361070
361105
361140
361175
361210
361245
361280
361315
361350
361385
361420
361455
361490
361525
361560
361595
361630
361665
361700
361735
361770
361805
361840
361875
361910
361945
361980
362000
362038
362077
362116
362155
362193
362232
362271
362310
362348
362387
362426
362465
362503
362542
362581
362620
362658
362697
362736
362775
362813
362852
362891
362930
362968
363000
363042
363084
363126
363168
363210
363252
363294
363336
363378
363420
363462
363504
363546
363588
363630
363672
363714
363756
363798
363840
363882
363924
363966
364000
364044
364089
364133
364177
364221
364266
364310
364354
364398
364443
364487
364531
364575
364620
364664
364708
364752
364797
364841
364885
364929
364974
365000
365040
365080
365120
365160
365200
365240
365280
365320
365360
365400
365440
365480
365520
365560
365600
365640
365680
365720
365760
365800
365840
365880
365920
365960
366000
366039
366079
366118
366157
366196
366235
366275
366314
366353
366392
366431
366471
366510
366549
366588
366627
366667
366706
366745
366784
366823
366863
366902
366941
366980
367000
367031
367062
367093
367124
367155
367186
367217
367248
367279
367310
367341
367372
367403
367434
367465
367496
367527
367558
367589
367620
367651
367682
367713
367744
367775
367806
367837
367868
367899
367930
367961
367992
368000
368034
368069
368104
368138
368173
368208
368242
368277
368312
368346
368381
368416
368450
368485
368520
368554
368589
368624
368658
368693
368728
368762
368797
368832
368866
368901
368936
368970
369000
369035
369071
369106
369141
369176
369211
369247
369282
369317
369352
369387
369423
369458
369493
369528
369563
369599
369634
369669
369704
369739
369775
369810
369845
369880
369915
369951
369986
370000
370037
370075
370113
370151
370189
370227
370264
370302
370340
370378
370416
370454
370491
370529
370567
370605
370643
370681
370718
370756
370794
370832
370870
370908
370945
370983
371000
371039
371079
371118
371157
371196
371235
371275
371314
371353
371392
371431
371471
371510
371549
371588
371627
371667
371706
371745
371784
371823
371863
371902
371941
371980
372000
372039
372079
372118
372157
372196
372236
372275
372314
372353
372393
372432
372471
372510
372550
372589
372628
372667
372707
372746
372785
372824
372864
372903
372942
372981
373000
373043
373087
373130
373173
373216
373259
373303
373346
373389
373432
373475
373519
373562
373605
373648
373691
373735
373778
373821
373864
373907
373951
373994
374000
374038
374077
374116
374155
374194
374232
374271
374310
374349
374388
374426
374465
374504
374543
374582
374620
374659
374698
374737
374776
374814
374853
374892
374931
374970
375000
375031
375063
375094
375125
375156
375188
375219
375250
375281
375313
375344
375375
375406
375438
375469
375500
375531
375563
375594
375625
375656
375688
375719
375750
375781
375813
375844
375875
375906
375938
375969
376000
376038
376077
376115
376153
376192
376230
376268
376307
376345
376383
376422
376460
376498
376537
376575
376613
376652
376690
376728
376767
376805
376843
376882
376920
376958
376997
377000
377034
377069
377103
377137
377172
377206
377240
377275
377309
377343
377378
377412
377446
377481
377515
377549
377584
377618
377652
377687
377721
377755
377790
377824
377858
377893
377927
377961
377996
378000
378036
378073
378109
378145
378182
378218
378254
378291
378327
378363
378400
378436
378472
378509
378545
378581
378618
378654
378690
378727
378763
378799
378836
378872
378908
378945
378981
379000
379034
379069
379104
379138
379173
379208
379242
379277
379312
379346
379381
379416
379450
379485
379520
379554
379589
379624
379658
379693
379728
379762
379797
379832
379866
379901
379936
379970
380000
380031
380063
380094
380125
380157
380188
380219
380251
380282
380313
380345
380376
380407
380439
380470
380501
380533
380564
380595
380627
380658
380689
380721
380752
380783
380815
380846
380877
380909
380940
380971
381000
381039
381079
381118
381157
381197
381236
381275
381315
381354
381393
381433
381472
381511
381551
381590
381629
381669
381708
381747
381787
381826
381865
381905
381944
381983
382000
382038
382077
382116
382155
382193
382232
382271
382310
382348
382387
382426
382465
382503
382542
382581
382620
382658
382697
382736
382775
382813
382852
382891
382930
382968
383000
383041
383083
383125
383167
383209
383251
383293
383335
383376
383418
383460
383502
383544
383586
383628
383670
383711
383753
383795
383837
383879
383921
383963
384000
384037
384075
384113
384150
384188
384226
384263
384301
384339
384376
384414
384452
384489
384527
384565
384602
384640
384678
384715
384753
384791
384828
384866
384904
384941
384979
385000
385034
385069
385104
385139
385173
385208
385243
385278
385312
385347
385382
385417
385451
385486
385521
385556
385590
385625
385660
385695
385729
385764
385799
385834
385868
385903
385938
385973
386000
386035
386071
386106
386142
386177
386213
386248
386284
386319
386355
386390
386426
386461
386497
386532
386568
386603
386639
386674
386710
386745
386781
386816
386852
386887
386923
386958
386994
387000
387035
387070
387105
387140
387175
387210
387245
387280
387315
387350
387385
387420
387455
387490
387525
387560
387595
387630
387665
387700
387735
387770
387805
387840
387875
387910
387945
387980
388000
388035
388071
388107
388142
388178
388214
388249
388285
388321
388356
388392
388428
388463
388499
388535
388570
388606
388642
388677
388713
388749
388784
388820
388856
388891
388927
388963
388998
389000
389034
389069
389104
389139
389174
389209
389244
389279
389313
389348
389383
389418
389453
389488
389523
389558
389592
389627
389662
389697
389732
389767
389802
389837
389871
389906
389941
389976
390000
390034
390069
390104
390138
390173
390208
390242
390277
390312
390346
390381
390416
390450
390485
390520
390554
390589
390624
390658
390693
390728
390762
390797
390832
390866
390901
390936
390970
391000
391035
391071
391106
391142
391177
391213
391248
391284
391319
391355
391390
391426
391461
391497
391532
391568
391603
391639
391674
391710
391745
391781
391816
391852
391887
391923
391958
391994
392000
392034
392069
392104
392139
392174
392209
392244
392278
392313
392348
392383
392418
392453
392488
392522
392557
392592
392627
392662
392697
392732
392766
392801
392836
392871
392906
392941
392976
393000
393034
393069
393103
393137
393172
393206
393240
393275
393309
393343
393378
393412
393446
393481
393515
393549
393584
393618
393652
393687
393721
393755
393790
393824
393858
393893
393927
393961
393996
394000
394037
394075
394112
394150
394187
394225
394262
394300
394337
394375
394412
394450
394487
394525
394562
394600
394637
394675
394712
394750
394787
394825
394862
394900
394937
394975
395000
395037
395075
395112
395150
395187
395225
395262
395300
395337
395375
395412
395450
395487
395525
395562
395600
395637
395675
395712
395750
395787
395825
395862
395900
395937
395975
396000
396039
396079
396118
396157
396197
396236
396275
396315
396354
396393
396433
396472
396511
396551
396590
396629
396669
396708
396747
396787
396826
396865
396905
396944
396983
397000
397039
397078
397117
397156
397195
397234
397273
397312
397351
397390
397429
397468
397507
397546
397585
397624
397663
397702
397741
397780
397819
397858
397897
397936
397975
398000
398035
398071
398106
398142
398177
398213
398248
398284
398319
398355
398390
398426
398461
398497
398532
398568
398603
398639
398674
398710
398745
398781
398816
398852
398887
398923
398958
398994
399000
399034
399069
399103
399137
399171
399206
399240
399274
399308
399343
399377
399411
399445
399480
399514
399548
399582
399617
399651
399685
399719
399754
399788
399822
399856
399891
399925
399959
399993
400000
400028
400057
400086
400115
400143
400172
400201
400230
400258
400287
400316
400345
400373
400402
400431
400460
400488
400517
400546
400575
400603
400632
400661
400690
400718
400747
400776
400805
400833
400862
400891
400920
400948
400977
401000
401028
401057
401086
401115
401143
401172
401201
401230
401258
401287
401316
401345
401373
401402
401431
401460
401488
401517
401546
401575
401603
401632
401661
401690
401718
401747
401776
401805
401833
401862
401891
401920
401948
401977
402000
402036
402073
402110
402147
402184
402220
402257
402294
402331
402368
402404
402441
402478
402515
402552
402588
402625
402662
402699
402736
402772
402809
402846
402883
402920
402956
402993
403000
403035
403071
403107
403142
403178
403214
403249
403285
403321
403356
403392
403428
403463
403499
403535
403570
403606
403642
403677
403713
403749
403784
403820
403856
403891
403927
403963
403998
404000
404034
404069
404103
404138
404172
404207
404241
404276
404310
404345
404379
404414
404448
404483
404517
404552
404586
404621
404655
404690
404724
404759
404793
404828
404862
404897
404931
404966
405000
405034
405069
405103
405138
405172
405207
405241
405276
405310
405345
405379
405414
405448
405483
405517
405552
405586
405621
405655
405690
405724
405759
405793
405828
405862
405897
405931
405966
406000
406034
406069
406103
406137
406171
406205
406240
406274
406308
406342
406376
406411
406445
406479
406513
406547
406582
406616
406650
406684
406718
406753
406787
406821
406855
406889
406924
406958
406992
407000
407033
407067
407101
407134
407168
407202
407235
407269
407303
407336
407370
407404
407437
407471
407505
407538
407572
407606
407639
407673
407707
407740
407774
407808
407841
407875
407909
407942
407976
408000
408034
408069
408104
408139
408174
408209
408244
408279
408314
408349
408383
408418
408453
408488
408523
408558
408593
408628
408663
408698
408732
408767
408802
408837
408872
408907
408942
408977
409000
409035
409071
409107
409142
409178
409214
409249
409285
409321
409356
409392
409428
409463
409499
409535
409570
409606
409642
409677
409713
409749
409784
409820
409856
409891
409927
409963
409998
410000
410036
410073
410109
410145
410181
410218
410254
410290
410326
410363
410399
410435
410471
410508
410544
410580
410616
410653
410689
410725
410761
410798
410834
410870
410906
410943
410979
411000
411036
411073
411110
411147
411184
411221
411258
411295
411331
411368
411405
411442
411479
411516
411553
411590
411626
411663
411700
411737
411774
411811
411848
411885
411921
411958
411995
412000
412035
412071
412107
412142
412178
412214
412249
412285
412321
412356
412392
412428
412463
412499
412535
412570
412606
412642
412677
412713
412749
412784
412820
412856
412891
412927
412963
412998
413000
413035
413071
413106
413141
413176
413212
413247
413282
413317
413353
413388
413423
413458
413494
413529
413564
413599
413635
413670
413705
413740
413776
413811
413846
413881
413917
413952
413987
414000
414028
414057
414086
414114
414143
414172
414200
414229
414258
414286
414315
414344
414372
414401
414430
414458
414487
414516
414544
414573
414602
414630
414659
414688
414716
414745
414774
414802
414831
414860
414888
414917
414946
414974
415000
415036
415072
415108
415144
415180
415216
415252
415288
415324
415360
415396
415432
415468
415504
415540
415576
415612
415648
415684
415720
415756
415792
415828
415864
415900
415936
415972
416000
416037
416075
416113
416151
416189
416227
416265
416303
416340
416378
416416
416454
416492
416530
416568
416606
416643
416681
416719
416757
416795
416833
416871
416909
416946
416984
417000
417038
417077
417115
417153
417192
417230
417268
417307
417345
417383
417422
417460
417498
417537
417575
417613
417652
417690
417728
417767
417805
417843
417882
417920
417958
417997
418000
418040
418081
418122
418162
418203
418244
418284
418325
418366
418406
418447
418488
418528
418569
418610
418650
418691
418732
418772
418813
418854
418894
418935
418976
419000
419036
419073
419110
419147
419184
419221
419257
419294
419331
419368
419405
419442
419478
419515
419552
419589
419626
419663
419699
419736
419773
419810
419847
419884
419920
419957
419994
420000
420036
420073
420110
420147
420183
420220
420257
420294
420330
420367
420404
420441
420477
420514
420551
420588
420624
420661
420698
420735
420771
420808
420845
420882
420918
420955
420992
421000
421035
421071
421106
421141
421177
421212
421247
421283
421318
421353
421389
421424
421459
421495
421530
421565
421601
421636
421671
421707
421742
421777
421813
421848
421883
421919
421954
421989
422000
422035
422071
422106
422142
422177
422213
422248
422284
422319
422355
422390
422426
422461
422497
422532
422568
422603
422639
422674
422710
422745
422781
422816
422852
422887
422923
422958
422994
423000
423036
423073
423110
423147
423184
423220
423257
423294
423331
423368
423404
423441
423478
423515
423552
423588
423625
423662
423699
423736
423772
423809
423846
423883
423920
423956
423993
424000
424034
424069
424103
424137
424171
424205
424240
424274
424308
424342
424376
424411
424445
424479
424513
424547
424582
424616
424650
424684
424718
424753
424787
424821
424855
424889
424924
424958
424992
425000
425034
425069
425103
425137
425172
425206
425240
425275
425309
425343
425378
425412
425446
425481
425515
425549
425584
425618
425652
425687
425721
425755
425790
425824
425858
425893
425927
425961
425996
426000
426035
426071
426106
426142
426177
426213
426248
426284
426319
426355
426390
426426
426461
426497
426532
426568
426603
426639
426674
426710
426745
426781
426816
426852
426887
426923
426958
426994
427000
427036
427073
427109
427146
427182
427219
427255
427292
427328
427365
427401
427438
427474
427511
427547
427584
427620
427657
427693
427730
427766
427803
427839
427876
427912
427949
427985
428000
428036
428072
428108
428144
428180
428216
428252
428288
428324
428360
428396
428432
428468
428504
428540
428576
428612
428648
428684
428720
428756
428792
428828
428864
428900
428936
428972
429000
429035
429070
429105
429140
429175
429210
429245
429280
429315
429350
429385
429420
429455
429490
429525
429560
429595
429630
429665
429700
429735
429770
429805
429840
429875
429910
429945
429980
430000
430034
430069
430104
430139
430174
430209
430244
430279
430314
430348
430383
430418
430453
430488
430523
430558
430593
430628
430662
430697
430732
430767
430802
430837
430872
430907
430942
430976
431000
431034
431069
431103
431137
431172
431206
431240
431275
431309
431343
431378
431412
431446
431481
431515
431549
431584
431618
431652
431687
431721
431755
431790
431824
431858
431893
431927
431961
431996
432000
432034
432069
432103
432137
432171
432206
432240
432274
432308
432343
432377
432411
432445
432480
432514
432548
432582
432617
432651
432685
432719
432754
432788
432822
432856
432891
432925
432959
432993
433000
433035
433071
433106
433141
433176
433211
433247
433282
433317
433352
433387
433423
433458
433493
433528
433563
433599
433634
433669
433704
433739
433775
433810
433845
433880
433915
433951
433986
434000
434035
434071
434106
434141
434176
434212
434247
434282
434317
434353
434388
434423
434458
434494
434529
434564
434599
434635
434670
434705
434740
434776
434811
434846
434881
434917
434952
434987
435000
435035
435070
435105
435140
435175
435210
435245
435280
435315
435350
435385
435420
435455
435490
435525
435560
435595
435630
435665
435700
435735
435770
435805
435840
435875
435910
435945
435980
436000
436034
436069
436103
436137
436172
436206
436240
436275
436309
436343
436378
436412
436446
436481
436515
436549
436584
436618
436652
436687
436721
436755
436790
436824
436858
436893
436927
436961
436996
437000
437033
437067
437101
437135
437168
437202
437236
437270
437303
437337
437371
437405
437438
437472
437506
437540
437573
437607
437641
437675
437708
437742
437776
437810
437843
437877
437911
437945
437978
438000
438035
438071
438106
438141
438176
438212
438247
438282
438317
438353
438388
438423
438458
438494
438529
438564
438599
438635
438670
438705
438740
438776
438811
438846
438881
438917
438952
438987
439000
439035
439071
439106
439141
439176
439212
439247
439282
439317
439353
439388
439423
439458
439494
439529
439564
439599
439635
439670
439705
439740
439776
439811
439846
439881
439917
439952
439987
440000
440035
440071
440106
440142
440177
440213
440248
440284
440319
440355
440390
440426
440461
440497
440532
440568
440603
440639
440674
440710
440745
440781
440816
440852
440887
440923
440958
440994
441000
441036
441073
441109
441145
441182
441218
441254
441291
441327
441363
441400
441436
441472
441509
441545
441581
441618
441654
441690
441727
441763
441799
441836
441872
441908
441945
441981
442000
442036
442073
442109
442145
442182
442218
442254
442291
442327
442363
442400
442436
442472
442509
442545
442581
442618
442654
442690
442727
442763
442799
442836
442872
442908
442945
442981
