0
63
126
189
252
315
378
441
504
567
630
693
756
819
882
945
1000
1087
1175
1263
1351
1439
1527
1614
1702
1790
1878
1966
2000
2337
2675
8000
8966
9000
9086
9173
9259
9345
9431
9518
9604
9690
9776
9863
9949
10000
10093
10187
10280
10374
10467
10561
10654
10748
10841
10935
11000
11117
11235
11352
11469
11586
11704
11821
11938
12000
12115
12231
12347
12462
12578
12694
12809
12925
13000
13173
13347
13521
13695
13869
14000
15000
15228
15456
15684
15912
16000
16148
16297
16446
16595
16744
16892
17000
17089
17179
17268
17357
17446
17536
17625
17714
17803
17893
17982
18000
18084
18169
18253
18337
18421
18505
18590
18674
18758
18842
18926
19000
19055
19111
19167
19223
19278
19334
19390
19446
19501
19557
19613
19669
19724
19780
19836
19892
19947
20000
20090
20181
20272
20362
20453
20544
20634
20725
20816
20906
20997
21000
21042
21085
21128
21170
21213
21256
21298
21341
21384
21426
21469
21512
21554
21597
21640
21682
21725
21768
21810
21853
21896
21938
21981
22000
22027
22055
22082
22110
22137
22165
22192
22220
22247
22275
22302
22330
22357
22385
22412
22440
22467
22495
22522
22550
22577
22605
22632
22660
22687
22715
22742
22770
22797
22825
22852
22880
22907
22935
22962
22990
23000
23019
23039
23059
23079
23099
23119
23139
23159
23179
23199
23218
23238
23258
23278
23298
23318
23338
23358
23378
23398
23417
23437
23457
23477
23497
23517
23537
23557
23577
23597
23616
23636
23656
23676
23696
23716
23736
23756
23776
23796
23815
23835
23855
23875
23895
23915
23935
23955
23975
23995
24000
24018
24037
24056
24074
24093
24112
24130
24149
24168
24186
24205
24224
24242
24261
24280
24298
24317
24336
24354
24373
24392
24410
24429
24448
24466
24485
24504
24522
24541
24560
24578
24597
24616
24634
24653
24672
24690
24709
24728
24746
24765
24784
24802
24821
24840
24858
24877
24896
24914
24933
24952
24970
24989
25000
25014
25029
25044
25059
25074
25089
25104
25118
25133
25148
25163
25178
25193
25208
25222
25237
25252
25267
25282
25297
25312
25326
25341
25356
25371
25386
25401
25416
25430
25445
25460
25475
25490
25505
25520
25534
25549
25564
25579
25594
25609
25624
25638
25653
25668
25683
25698
25713
25728
25742
25757
25772
25787
25802
25817
25832
25846
25861
25876
25891
25906
25921
25936
25950
25965
25980
25995
26000
26016
26033
26050
26066
26083
26100
26116
26133
26150
26166
26183
26200
26216
26233
26250
26266
26283
26300
26316
26333
26350
26366
26383
26400
26416
26433
26450
26466
26483
26500
26516
26533
26550
26566
26583
26600
26616
26633
26650
26666
26683
26700
26716
26733
26750
26766
26783
26800
26816
26833
26850
26866
26883
26900
26916
26933
26950
26966
26983
27000
27016
27033
27050
27067
27083
27100
27117
27134
27150
27167
27184
27201
27217
27234
27251
27268
27284
27301
27318
27335
27351
27368
27385
27402
27418
27435
27452
27469
27485
27502
27519
27536
27552
27569
27586
27603
27619
27636
27653
27670
27686
27703
27720
27737
27753
27770
27787
27804
27820
27837
27854
27871
27887
27904
27921
27938
27954
27971
27988
28000
28015
28031
28046
28062
28077
28093
28108
28124
28139
28155
28170
28186
28201
28217
28232
28248
28263
28279
28294
28310
28325
28341
28356
28372
28387
28403
28418
28434
28449
28465
28480
28496
28511
28527
28542
28558
28573
28589
28604
28620
28635
28651
28666
28682
28697
28713
28728
28744
28759
28775
28790
28806
28821
28837
28852
28868
28883
28899
28914
28930
28945
28961
28976
28992
29000
29012
29025
29038
29051
29064
29077
29090
29103
29116
29129
29141
29154
29167
29180
29193
29206
29219
29232
29245
29258
29270
29283
29296
29309
29322
29335
29348
29361
29374
29387
29399
29412
29425
29438
29451
29464
29477
29490
29503
29516
29528
29541
29554
29567
29580
29593
29606
29619
29632
29645
29657
29670
29683
29696
29709
29722
29735
29748
29761
29774
29786
29799
29812
29825
29838
29851
29864
29877
29890
29903
29915
29928
29941
29954
29967
29980
29993
30000
30012
30024
30036
30048
30060
30072
30084
30096
30108
30120
30132
30144
30156
30168
30180
30192
30204
30216
30228
30240
30252
30264
30276
30288
30300
30312
30324
30336
30348
30360
30372
30384
30396
30408
30420
30432
30444
30456
30468
30480
30492
30504
30516
30528
30540
30552
30564
30576
30588
30600
30612
30624
30636
30648
30660
30672
30684
30696
30708
30720
30732
30744
30756
30768
30780
30792
30804
30816
30828
30840
30852
30864
30876
30888
30900
30912
30924
30936
30948
30960
30972
30984
30996
31000
31011
31023
31034
31045
31057
31068
31079
31091
31102
31113
31125
31136
31147
31159
31170
31181
31193
31204
31215
31227
31238
31249
31261
31272
31283
31295
31306
31317
31329
31340
31351
31363
31374
31385
31397
31408
31419
31431
31442
31453
31465
31476
31487
31499
31510
31521
31533
31544
31555
31567
31578
31589
31601
31612
31623
31635
31646
31657
31669
31680
31691
31703
31714
31725
31737
31748
31759
31771
31782
31793
31805
31816
31827
31839
31850
31861
31873
31884
31895
31907
31918
31929
31941
31952
31963
31975
31986
31997
32000
32010
32021
32031
32041
32052
32062
32072
32083
32093
32103
32114
32124
32134
32145
32155
32165
32176
32186
32196
32207
32217
32227
32238
32248
32258
32269
32279
32289
32300
32310
32320
32331
32341
32351
32362
32372
32382
32393
32403
32413
32424
32434
32444
32455
32465
32475
32486
32496
32506
32517
32527
32537
32548
32558
32568
32579
32589
32599
32610
32620
32630
32641
32651
32661
32672
32682
32692
32703
32713
32723
32734
32744
32754
32765
32775
32785
32796
32806
32816
32827
32837
32847
32858
32868
32878
32889
32899
32909
32920
32930
32940
32951
32961
32971
32982
32992
33000
33010
33021
33032
33043
33054
33064
33075
33086
33097
33108
33118
33129
33140
33151
33162
33172
33183
33194
33205
33216
33226
33237
33248
33259
33270
33280
33291
33302
33313
33324
33334
33345
33356
33367
33378
33388
33399
33410
33421
33432
33442
33453
33464
33475
33486
33496
33507
33518
33529
33540
33550
33561
33572
33583
33594
33604
33615
33626
33637
33648
33658
33669
33680
33691
33702
33712
33723
33734
33745
33756
33766
33777
33788
33799
33810
33820
33831
33842
33853
33864
33874
33885
33896
33907
33918
33928
33939
33950
33961
33972
33982
33993
34000
34010
34021
34032
34043
34054
34065
34076
34087
34098
34109
34119
34130
34141
34152
34163
34174
34185
34196
34207
34218
34228
34239
34250
34261
34272
34283
34294
34305
34316
34327
34337
34348
34359
34370
34381
34392
34403
34414
34425
34436
34446
34457
34468
34479
34490
34501
34512
34523
34534
34545
34555
34566
34577
34588
34599
34610
34621
34632
34643
34654
34664
34675
34686
34697
34708
34719
34730
34741
34752
34763
34773
34784
34795
34806
34817
34828
34839
34850
34861
34872
34882
34893
34904
34915
34926
34937
34948
34959
34970
34981
34991
35000
35010
35021
35031
35041
35052
35062
35072
35083
35093
35103
35114
35124
35134
35145
35155
35165
35176
35186
35196
35207
35217
35227
35238
35248
35258
35269
35279
35289
35300
35310
35320
35331
35341
35351
35362
35372
35382
35393
35403
35413
35424
35434
35444
35455
35465
35475
35486
35496
35506
35517
35527
35537
35548
35558
35568
35579
35589
35599
35610
35620
35630
35641
35651
35661
35672
35682
35692
35703
35713
35723
35734
35744
35754
35765
35775
35785
35796
35806
35816
35827
35837
35847
35858
35868
35878
35889
35899
35909
35920
35930
35940
35951
35961
35971
35982
35992
36000
36009
36019
36029
36039
36049
36058
36068
36078
36088
36098
36107
36117
36127
36137
36147
36156
36166
36176
36186
36196
36205
36215
36225
36235
36245
36254
36264
36274
36284
36294
36303
36313
36323
36333
36343
36352
36362
36372
36382
36392
36401
36411
36421
36431
36441
36450
36460
36470
36480
36490
36499
36509
36519
36529
36539
36548
36558
36568
36578
36588
36597
36607
36617
36627
36637
36646
36656
36666
36676
36686
36695
36705
36715
36725
36735
36744
36754
36764
36774
36784
36793
36803
36813
36823
36833
36842
36852
36862
36872
36882
36891
36901
36911
36921
36931
36940
36950
36960
36970
36980
36989
36999
37000
37009
37019
37029
37039
37049
37058
37068
37078
37088
37098
37107
37117
37127
37137
37147
37156
37166
37176
37186
37196
37205
37215
37225
37235
37245
37254
37264
37274
37284
37294
37303
37313
37323
37333
37343
37352
37362
37372
37382
37392
37401
37411
37421
37431
37441
37450
37460
37470
37480
37490
37499
37509
37519
37529
37539
37548
37558
37568
37578
37588
37597
37607
37617
37627
37637
37646
37656
37666
37676
37686
37695
37705
37715
37725
37735
37744
37754
37764
37774
37784
37793
37803
37813
37823
37833
37842
37852
37862
37872
37882
37891
37901
37911
37921
37931
37940
37950
37960
37970
37980
37989
37999
38000
38009
38019
38028
38037
38047
38056
38065
38075
38084
38093
38103
38112
38121
38131
38140
38149
38159
38168
38177
38187
38196
38205
38215
38224
38233
38243
38252
38261
38271
38280
38289
38299
38308
38317
38327
38336
38345
38355
38364
38373
38383
38392
38401
38411
38420
38429
38439
38448
38457
38467
38476
38485
38495
38504
38513
38523
38532
38541
38551
38560
38569
38579
38588
38597
38607
38616
38625
38635
38644
38653
38663
38672
38681
38691
38700
38709
38719
38728
38737
38747
38756
38765
38775
38784
38793
38803
38812
38821
38831
38840
38849
38859
38868
38877
38887
38896
38905
38915
38924
38933
38943
38952
38961
38971
38980
38989
38999
39000
39011
39023
39034
39045
39056
39067
39079
39090
39101
39112
39123
39135
39146
39157
39168
39179
39191
39202
39213
39224
39235
39247
39258
39269
39280
39291
39303
39314
39325
39336
39347
39359
39370
39381
39392
39403
39415
39426
39437
39448
39459
39471
39482
39493
39504
39515
39527
39538
39549
39560
39571
39583
39594
39605
39616
39627
39639
39650
39661
39672
39683
39695
39706
39717
39728
39739
39751
39762
39773
39784
39795
39807
39818
39829
39840
39851
39863
39874
39885
39896
39907
39919
39930
39941
39952
39963
39975
39986
39997
40000
40010
40021
40032
40043
40054
40064
40075
40086
40097
40108
40118
40129
40140
40151
40162
40172
40183
40194
40205
40216
40226
40237
40248
40259
40270
40280
40291
40302
40313
40324
40334
40345
40356
40367
40378
40388
40399
40410
40421
40432
40442
40453
40464
40475
40486
40496
40507
40518
40529
40540
40550
40561
40572
40583
40594
40604
40615
40626
40637
40648
40658
40669
40680
40691
40702
40712
40723
40734
40745
40756
40766
40777
40788
40799
40810
40820
40831
40842
40853
40864
40874
40885
40896
40907
40918
40928
40939
40950
40961
40972
40982
40993
41000
41011
41022
41033
41044
41055
41066
41077
41088
41099
41110
41121
41132
41143
41154
41165
41176
41187
41198
41209
41220
41231
41242
41253
41264
41275
41286
41297
41308
41319
41330
41341
41352
41363
41374
41385
41396
41407
41418
41429
41440
41451
41462
41473
41484
41495
41506
41517
41528
41539
41550
41561
41572
41583
41594
41605
41616
41627
41638
41649
41660
41671
41682
41693
41704
41715
41726
41737
41748
41759
41770
41781
41792
41803
41814
41825
41836
41847
41858
41869
41880
41891
41902
41913
41924
41935
41946
41957
41968
41979
41990
42000
42010
42021
42032
42043
42054
42065
42076
42087
42098
42109
42119
42130
42141
42152
42163
42174
42185
42196
42207
42218
42228
42239
42250
42261
42272
42283
42294
42305
42316
42327
42337
42348
42359
42370
42381
42392
42403
42414
42425
42436
42446
42457
42468
42479
42490
42501
42512
42523
42534
42545
42555
42566
42577
42588
42599
42610
42621
42632
42643
42654
42664
42675
42686
42697
42708
42719
42730
42741
42752
42763
42773
42784
42795
42806
42817
42828
42839
42850
42861
42872
42882
42893
42904
42915
42926
42937
42948
42959
42970
42981
42991
43000
43010
43021
43032
43042
43053
43064
43074
43085
43096
43106
43117
43128
43138
43149
43160
43170
43181
43192
43202
43213
43224
43234
43245
43256
43266
43277
43288
43298
43309
43320
43330
43341
43352
43362
43373
43384
43394
43405
43416
43426
43437
43448
43458
43469
43480
43490
43501
43512
43522
43533
43544
43554
43565
43576
43586
43597
43608
43618
43629
43640
43650
43661
43672
43682
43693
43704
43714
43725
43736
43746
43757
43768
43778
43789
43800
43810
43821
43832
43842
43853
43864
43874
43885
43896
43906
43917
43928
43938
43949
43960
43970
43981
43992
44000
44010
44021
44031
44041
44052
44062
44072
44083
44093
44103
44114
44124
44134
44145
44155
44165
44176
44186
44196
44207
44217
44227
44238
44248
44258
44269
44279
44289
44300
44310
44320
44331
44341
44351
44362
44372
44382
44393
44403
44413
44424
44434
44444
44455
44465
44475
44486
44496
44506
44517
44527
44537
44548
44558
44568
44579
44589
44599
44610
44620
44630
44641
44651
44661
44672
44682
44692
44703
44713
44723
44734
44744
44754
44765
44775
44785
44796
44806
44816
44827
44837
44847
44858
44868
44878
44889
44899
44909
44920
44930
44940
44951
44961
44971
44982
44992
45000
45010
45021
45031
45041
45051
45061
45072
45082
45092
45102
45112
45123
45133
45143
45153
45163
45174
45184
45194
45204
45214
45225
45235
45245
45255
45265
45276
45286
45296
45306
45316
45327
45337
45347
45357
45367
45378
45388
45398
45408
45418
45429
45439
45449
45459
45469
45480
45490
45500
45510
45520
45531
45541
45551
45561
45571
45582
45592
45602
45612
45622
45633
45643
45653
45663
45673
45684
45694
45704
45714
45724
45735
45745
45755
45765
45775
45786
45796
45806
45816
45826
45837
45847
45857
45867
45877
45888
45898
45908
45918
45928
45939
45949
45959
45969
45979
45990
46000
46011
46023
46035
46046
46058
46070
46081
46093
46105
46116
46128
46140
46151
46163
46175
46186
46198
46210
46221
46233
46245
46256
46268
46280
46291
46303
46315
46326
46338
46350
46361
46373
46385
46396
46408
46420
46431
46443
46455
46466
46478
46490
46501
46513
46525
46536
46548
46560
46571
46583
46595
46606
46618
46630
46641
46653
46665
46676
46688
46700
46711
46723
46735
46746
46758
46770
46781
46793
46805
46816
46828
46840
46851
46863
46875
46886
46898
46910
46921
46933
46945
46956
46968
46980
46991
47000
47012
47025
47038
47051
47064
47076
47089
47102
47115
47128
47140
47153
47166
47179
47192
47204
47217
47230
47243
47256
47268
47281
47294
47307
47320
47332
47345
47358
47371
47384
47396
47409
47422
47435
47448
47460
47473
47486
47499
47512
47524
47537
47550
47563
47576
47588
47601
47614
47627
47640
47652
47665
47678
47691
47704
47716
47729
47742
47755
47768
47780
47793
47806
47819
47832
47844
47857
47870
47883
47896
47908
47921
47934
47947
47960
47972
47985
47998
48000
48013
48027
48041
48055
48069
48082
48096
48110
48124
48138
48151
48165
48179
48193
48207
48220
48234
48248
48262
48276
48289
48303
48317
48331
48345
48358
48372
48386
48400
48414
48427
48441
48455
48469
48483
48496
48510
48524
48538
48552
48565
48579
48593
48607
48621
48634
48648
48662
48676
48690
48703
48717
48731
48745
48759
48772
48786
48800
48814
48828
48841
48855
48869
48883
48897
48910
48924
48938
48952
48966
48979
48993
49000
49014
49029
49044
49059
49074
49089
49104
49119
49134
49148
49163
49178
49193
49208
49223
49238
49253
49268
49282
49297
49312
49327
49342
49357
49372
49387
49402
49416
49431
49446
49461
49476
49491
49506
49521
49536
49550
49565
49580
49595
49610
49625
49640
49655
49670
49684
49699
49714
49729
49744
49759
49774
49789
49804
49818
49833
49848
49863
49878
49893
49908
49923
49938
49952
49967
49982
49997
50000
50015
50031
50047
50063
50078
50094
50110
50126
50141
50157
50173
50189
50204
50220
50236
50252
50267
50283
50299
50315
50330
50346
50362
50378
50393
50409
50425
50441
50456
50472
50488
50504
50519
50535
50551
50567
50582
50598
50614
50630
50645
50661
50677
50693
50708
50724
50740
50756
50771
50787
50803
50819
50834
50850
50866
50882
50897
50913
50929
50945
50960
50976
50992
51000
51015
51031
51046
51061
51077
51092
51107
51123
51138
51153
51169
51184
51199
51215
51230
51245
51261
51276
51291
51307
51322
51337
51353
51368
51383
51399
51414
51429
51445
51460
51475
51491
51506
51521
51537
51552
51567
51583
51598
51613
51629
51644
51659
51675
51690
51705
51721
51736
51751
51767
51782
51797
51813
51828
51843
51859
51874
51889
51905
51920
51935
51951
51966
51981
51997
52000
52020
52041
52061
52081
52101
52122
52142
52162
52182
52203
52223
52243
52263
52284
52304
52324
52344
52365
52385
52405
52425
52446
52466
52486
52506
52527
52547
52567
52587
52608
52628
52648
52668
52689
52709
52729
52749
52770
52790
52810
52830
52851
52871
52891
52911
52932
52952
52972
52992
53000
53023
53047
53071
53094
53118
53142
53165
53189
53213
53236
53260
53284
53307
53331
53355
53378
53402
53426
53449
53473
53497
53520
53544
53568
53591
53615
53639
53662
53686
53710
53733
53757
53781
53804
53828
53852
53875
53899
53923
53946
53970
53994
54000
54029
54059
54088
54117
54147
54176
54205
54235
54264
54293
54323
54352
54381
54411
54440
54469
54499
54528
54557
54587
54616
54645
54675
54704
54733
54763
54792
54821
54851
54880
54909
54939
54968
54997
55000
55042
55085
55127
55170
55212
55255
55297
55340
55382
55425
55467
55510
55552
55595
55637
55680
55722
55765
55807
55850
55892
55935
55977
56000
56039
56079
56119
56158
56198
56238
56277
56317
56357
56396
56436
56476
56515
56555
56595
56634
56674
56714
56753
56793
56833
56872
56912
56952
56991
57000
57036
57073
57109
57145
57182
57218
57254
57291
57327
57363
57400
57436
57472
57509
57545
57581
57618
57654
57690
57727
57763
57799
57836
57872
57908
57945
57981
58000
58027
58055
58083
58111
58138
58166
58194
58222
58249
58277
58305
58333
58360
58388
58416
58444
58471
58499
58527
58555
58582
58610
58638
58666
58693
58721
58749
58777
58804
58832
58860
58888
58915
58943
58971
58999
59000
59031
59063
59095
59126
59158
59190
59221
59253
59285
59316
59348
59380
59411
59443
59475
59506
59538
59570
59601
59633
59665
59696
59728
59760
59791
59823
59855
59886
59918
59950
59981
60000
60037
60075
60112
60150
60187
60225
60262
60300
60337
60375
60412
60450
60487
60525
60562
60600
60637
60675
60712
60750
60787
60825
60862
60900
60937
60975
61000
61037
61075
61113
61150
61188
61226
61263
61301
61339
61376
61414
61452
61489
61527
61565
61602
61640
61678
61715
61753
61791
61828
61866
61904
61941
61979
62000
62033
62066
62099
62132
62165
62198
62231
62264
62297
62330
62363
62396
62429
62462
62495
62528
62561
62594
62627
62660
62693
62726
62759
62792
62825
62858
62891
62924
62957
62990
63000
63039
63079
63118
63157
63197
63236
63275
63315
63354
63393
63433
63472
63511
63551
63590
63629
63669
63708
63747
63787
63826
63865
63905
63944
63983
64000
64031
64063
64094
64125
64156
64187
64219
64250
64281
64312
64343
64375
64406
64437
64468
64499
64531
64562
64593
64624
64655
64687
64718
64749
64780
64811
64843
64874
64905
64936
64967
64999
65000
65020
65041
65061
65082
65102
65123
65143
65164
65184
65205
65225
65246
65266
65287
65307
65328
65348
65369
65389
65410
65430
65451
65471
65492
65512
65533
65553
65574
65594
65615
65635
65656
65676
65697
65717
65738
65758
65779
65799
65820
65840
65861
65881
65902
65922
65943
65963
65984
66000
66015
66031
66047
66063
66078
66094
66110
66126
66141
66157
66173
66189
66204
66220
66236
66252
66267
66283
66299
66315
66330
66346
66362
66378
66393
66409
66425
66441
66456
66472
66488
66504
66519
66535
66551
66567
66582
66598
66614
66630
66645
66661
66677
66693
66708
66724
66740
66756
66771
66787
66803
66819
66834
66850
66866
66882
66897
66913
66929
66945
66960
66976
66992
67000
67016
67033
67050
67067
67084
67100
67117
67134
67151
67168
67184
67201
67218
67235
67252
67268
67285
67302
67319
67336
67352
67369
67386
67403
67420
67436
67453
67470
67487
67504
67520
67537
67554
67571
67588
67604
67621
67638
67655
67672
67688
67705
67722
67739
67756
67772
67789
67806
67823
67840
67856
67873
67890
67907
67924
67940
67957
67974
67991
68000
68015
68031
68047
68062
68078
68094
68109
68125
68141
68156
68172
68188
68203
68219
68235
68250
68266
68282
68297
68313
68329
68344
68360
68376
68391
68407
68423
68438
68454
68470
68485
68501
68517
68532
68548
68564
68579
68595
68611
68626
68642
68658
68673
68689
68705
68720
68736
68752
68767
68783
68799
68814
68830
68846
68861
68877
68893
68908
68924
68940
68955
68971
68987
69000
69016
69033
69049
69065
69082
69098
69114
69131
69147
69163
69180
69196
69212
69229
69245
69261
69278
69294
69310
69327
69343
69359
69376
69392
69408
69425
69441
69457
69474
69490
69506
69523
69539
69555
69572
69588
69604
69621
69637
69653
69670
69686
69702
69719
69735
69751
69768
69784
69800
69817
69833
69849
69866
69882
69898
69915
69931
69947
69964
69980
69996
70000
70016
70033
70049
70066
70082
70099
70115
70132
70148
70165
70181
70198
70214
70231
70247
70264
70280
70297
70313
70330
70346
70363
70379
70396
70412
70429
70445
70462
70478
70495
70511
70528
70544
70561
70577
70594
70610
70627
70643
70660
70676
70693
70709
70726
70742
70759
70775
70792
70808
70825
70841
70858
70874
70891
70907
70924
70940
70957
70973
70990
71000
71015
71031
71046
71061
71077
71092
71107
71123
71138
71153
71169
71184
71199
71215
71230
71245
71261
71276
71291
71307
71322
71337
71353
71368
71383
71399
71414
71429
71445
71460
71475
71491
71506
71521
71537
71552
71567
71583
71598
71613
71629
71644
71659
71675
71690
71705
71721
71736
71751
71767
71782
71797
71813
71828
71843
71859
71874
71889
71905
71920
71935
71951
71966
71981
71997
72000
72013
72027
72040
72053
72067
72080
72093
72107
72120
72133
72147
72160
72173
72187
72200
72213
72227
72240
72253
72267
72280
72293
72307
72320
72333
72347
72360
72373
72387
72400
72413
72427
72440
72453
72467
72480
72493
72507
72520
72533
72547
72560
72573
72587
72600
72613
72627
72640
72653
72667
72680
72693
72707
72720
72733
72747
72760
72773
72787
72800
72813
72827
72840
72853
72867
72880
72893
72907
72920
72933
72947
72960
72973
72987
73000
73011
73023
73035
73046
73058
73070
73081
73093
73105
73116
73128
73140
73151
73163
73175
73186
73198
73210
73221
73233
73245
73256
73268
73280
73291
73303
73315
73326
73338
73350
73361
73373
73385
73396
73408
73420
73431
73443
73455
73466
73478
73490
73501
73513
73525
73536
73548
73560
73571
73583
73595
73606
73618
73630
73641
73653
73665
73676
73688
73700
73711
73723
73735
73746
73758
73770
73781
73793
73805
73816
73828
73840
73851
73863
73875
73886
73898
73910
73921
73933
73945
73956
73968
73980
73991
74000
74011
74023
74035
74046
74058
74070
74081
74093
74105
74116
74128
74140
74151
74163
74175
74186
74198
74210
74221
74233
74245
74256
74268
74280
74291
74303
74315
74326
74338
74350
74361
74373
74385
74396
74408
74420
74431
74443
74455
74466
74478
74490
74501
74513
74525
74536
74548
74560
74571
74583
74595
74606
74618
74630
74641
74653
74665
74676
74688
74700
74711
74723
74735
74746
74758
74770
74781
74793
74805
74816
74828
74840
74851
74863
74875
74886
74898
74910
74921
74933
74945
74956
74968
74980
74991
75000
75011
75023
75034
75045
75057
75068
75079
75091
75102
75113
75125
75136
75147
75159
75170
75181
75193
75204
75215
75227
75238
75249
75261
75272
75283
75295
75306
75317
75329
75340
75351
75363
75374
75385
75397
75408
75419
75431
75442
75453
75465
75476
75487
75499
75510
75521
75533
75544
75555
75567
75578
75589
75601
75612
75623
75635
75646
75657
75669
75680
75691
75703
75714
75725
75737
75748
75759
75771
75782
75793
75805
75816
75827
75839
75850
75861
75873
75884
75895
75907
75918
75929
75941
75952
75963
75975
75986
75997
76000
76010
76021
76032
76043
76054
76065
76076
76087
76097
76108
76119
76130
76141
76152
76163
76174
76184
76195
76206
76217
76228
76239
76250
76261
76271
76282
76293
76304
76315
76326
76337
76348
76358
76369
76380
76391
76402
76413
76424
76435
76445
76456
76467
76478
76489
76500
76511
76522
76532
76543
76554
76565
76576
76587
76598
76609
76619
76630
76641
76652
76663
76674
76685
76696
76706
76717
76728
76739
76750
76761
76772
76783
76793
76804
76815
76826
76837
76848
76859
76870
76880
76891
76902
76913
76924
76935
76946
76957
76967
76978
76989
77000
77011
77023
77035
77047
77058
77070
77082
77094
77105
77117
77129
77141
77152
77164
77176
77188
77199
77211
77223
77235
77246
77258
77270
77282
77293
77305
77317
77329
77340
77352
77364
77376
77387
77399
77411
77423
77434
77446
77458
77470
77481
77493
77505
77517
77528
77540
77552
77564
77575
77587
77599
77611
77622
77634
77646
77658
77669
77681
77693
77705
77716
77728
77740
77752
77763
77775
77787
77799
77810
77822
77834
77846
77857
77869
77881
77893
77904
77916
77928
77940
77951
77963
77975
77987
77998
78000
78011
78023
78034
78046
78057
78069
78080
78092
78103
78115
78126
78138
78149
78161
78172
78184
78195
78207
78218
78230
78241
78253
78264
78276
78287
78299
78310
78322
78333
78345
78356
78368
78379
78391
78402
78414
78425
78437
78448
78460
78471
78483
78494
78506
78517
78529
78540
78552
78563
78575
78586
78598
78609
78621
78632
78644
78655
78667
78678
78690
78701
78713
78724
78736
78747
78759
78770
78782
78793
78805
78816
78828
78839
78851
78862
78874
78885
78897
78908
78920
78931
78943
78954
78966
78977
78989
79000
79012
79025
79038
79051
79064
79076
79089
79102
79115
79128
79140
79153
79166
79179
79192
79204
79217
79230
79243
79256
79268
79281
79294
79307
79320
79332
79345
79358
79371
79384
79396
79409
79422
79435
79448
79460
79473
79486
79499
79512
79524
79537
79550
79563
79576
79588
79601
79614
79627
79640
79652
79665
79678
79691
79704
79716
79729
79742
79755
79768
79780
79793
79806
79819
79832
79844
79857
79870
79883
79896
79908
79921
79934
79947
79960
79972
79985
79998
80000
80014
80029
80043
80058
80072
80087
80101
80116
80130
80145
80159
80174
80188
80203
80217
80232
80246
80261
80275
80290
80304
80319
80333
80348
80362
80377
80391
80406
80420
80435
80449
80464
80478
80493
80507
80522
80536
80551
80565
80580
80594
80609
80623
80638
80652
80667
80681
80696
80710
80725
80739
80754
80768
80783
80797
80812
80826
80841
80855
80870
80884
80899
80913
80928
80942
80957
80971
80986
81000
81013
81027
81041
81055
81069
81083
81096
81110
81124
81138
81152
81166
81179
81193
81207
81221
81235
81249
81262
81276
81290
81304
81318
81332
81345
81359
81373
81387
81401
81415
81428
81442
81456
81470
81484
81498
81511
81525
81539
81553
81567
81581
81594
81608
81622
81636
81650
81664
81677
81691
81705
81719
81733
81747
81760
81774
81788
81802
81816
81830
81843
81857
81871
81885
81899
81913
81926
81940
81954
81968
81982
81996
82000
82017
82035
82053
82070
82088
82106
82123
82141
82159
82176
82194
82212
82229
82247
82265
82282
82300
82318
82335
82353
82371
82388
82406
82424
82441
82459
82477
82494
82512
82530
82547
82565
82583
82600
82618
82636
82653
82671
82689
82706
82724
82742
82759
82777
82795
82812
82830
82848
82865
82883
82901
82918
82936
82954
82971
82989
83000
83018
83037
83055
83073
83092
83110
83128
83147
83165
83183
83202
83220
83238
83257
83275
83293
83312
83330
83348
83367
83385
83403
83422
83440
83458
83477
83495
83513
83532
83550
83568
83587
83605
83623
83642
83660
83678
83697
83715
83733
83752
83770
83788
83807
83825
83843
83862
83880
83898
83917
83935
83953
83972
83990
84000
84019
84039
84058
84078
84097
84117
84136
84156
84175
84195
84214
84234
84253
84273
84292
84312
84331
84351
84370
84390
84409
84429
84448
84468
84487
84507
84526
84546
84565
84585
84604
84624
84643
84663
84682
84702
84721
84741
84760
84780
84799
84819
84838
84858
84877
84897
84916
84936
84955
84975
84994
85000
85029
85059
85088
85118
85147
85177
85206
85236
85265
85295
85324
85354
85383
85413
85442
85472
85501
85531
85560
85590
85619
85649
85678
85708
85737
85767
85796
85826
85855
85885
85914
85944
85973
86000
86036
86073
86109
86146
86182
86219
86255
86292
86328
86365
86401
86438
86474
86511
86547
86584
86620
86657
86693
86730
86766
86803
86839
86876
86912
86949
86985
87000
87035
87071
87106
87141
87176
87211
87247
87282
87317
87352
87387
87423
87458
87493
87528
87563
87599
87634
87669
87704
87739
87775
87810
87845
87880
87915
87951
87986
88000
88023
88047
88071
88094
88118
88142
88165
88189
88213
88236
88260
88284
88307
88331
88355
88378
88402
88426
88449
88473
88497
88520
88544
88568
88591
88615
88639
88662
88686
88710
88733
88757
88781
88804
88828
88852
88875
88899
88923
88946
88970
88994
89000
89017
89035
89053
89071
89088
89106
89124
89142
89159
89177
89195
89213
89230
89248
89266
89284
89301
89319
89337
89355
89372
89390
89408
89426
89443
89461
89479
89497
89514
89532
89550
89568
89585
89603
89621
89639
89656
89674
89692
89710
89727
89745
89763
89781
89798
89816
89834
89852
89869
89887
89905
89923
89940
89958
89976
89994
90000
90017
90035
90052
90069
90086
90103
90121
90138
90155
90172
90189
90207
90224
90241
90258
90275
90293
90310
90327
90344
90361
90379
90396
90413
90430
90447
90465
90482
90499
90516
90533
90551
90568
90585
90602
90619
90637
90654
90671
90688
90705
90723
90740
90757
90774
90791
90809
90826
90843
90860
90877
90895
90912
90929
90946
90963
90981
90998
91000
91019
91039
91058
91078
91097
91117
91136
91156
91175
91195
91214
91234
91253
91273
91292
91312
91331
91351
91370
91390
91409
91429
91448
91468
91487
91507
91526
91546
91565
91585
91604
91624
91643
91663
91682
91702
91721
91741
91760
91780
91799
91819
91838
91858
91877
91897
91916
91936
91955
91975
91994
92000
92019
92039
92059
92079
92099
92118
92138
92158
92178
92198
92217
92237
92257
92277
92297
92316
92336
92356
92376
92396
92415
92435
92455
92475
92495
92514
92534
92554
92574
92594
92613
92633
92653
92673
92693
92712
92732
92752
92772
92792
92811
92831
92851
92871
92891
92910
92930
92950
92970
92990
93000
93020
93040
93060
93080
93100
93120
93140
93160
93180
93200
93220
93240
93260
93280
93300
93320
93340
93360
93380
93400
93420
93440
93460
93480
93500
93520
93540
93560
93580
93600
93620
93640
93660
93680
93700
93720
93740
93760
93780
93800
93820
93840
93860
93880
93900
93920
93940
93960
93980
94000
94017
94035
94052
94070
94087
94105
94122
94140
94157
94175
94192
94210
94227
94245
94262
94280
94297
94315
94332
94350
94367
94385
94402
94420
94437
94455
94472
94490
94507
94525
94542
94560
94577
94595
94612
94630
94647
94665
94682
94700
94717
94735
94752
94770
94787
94805
94822
94840
94857
94875
94892
94910
94927
94945
94962
94980
94997
95000
95016
95033
95049
95065
95082
95098
95114
95131
95147
95163
95180
95196
95212
95229
95245
95261
95278
95294
95310
95327
95343
95359
95376
95392
95408
95425
95441
95457
95474
95490
95506
95523
95539
95555
95572
95588
95604
95621
95637
95653
95670
95686
95702
95719
95735
95751
95768
95784
95800
95817
95833
95849
95866
95882
95898
95915
95931
95947
95964
95980
95996
96000
96013
96027
96040
96054
96067
96081
96094
96108
96121
96135
96148
96162
96175
96189
96202
96216
96229
96243
96256
96270
96283
96297
96310
96324
96337
96351
96364
96378
96391
96405
96418
96432
96445
96459
96472
96486
96499
96513
96526
96540
96553
96567
96580
96594
96607
96621
96634
96648
96661
96675
96688
96702
96715
96729
96742
96756
96769
96783
96796
96810
96823
96837
96850
96864
96877
96891
96904
96918
96931
96945
96958
96972
96985
96999
97000
97010
97021
97032
97043
97054
97064
97075
97086
97097
97108
97118
97129
97140
97151
97162
97172
97183
97194
97205
97216
97226
97237
97248
97259
97270
97280
97291
97302
97313
97324
97334
97345
97356
97367
97378
97388
97399
97410
97421
97432
97442
97453
97464
97475
97486
97496
97507
97518
97529
97540
97550
97561
97572
97583
97594
97604
97615
97626
97637
97648
97658
97669
97680
97691
97702
97712
97723
97734
97745
97756
97766
97777
97788
97799
97810
97820
97831
97842
97853
97864
97874
97885
97896
97907
97918
97928
97939
97950
97961
97972
97982
97993
98000
98010
98021
98032
98043
98053
98064
98075
98086
98096
98107
98118
98129
98139
98150
98161
98172
98182
98193
98204
98215
98225
98236
98247
98258
98268
98279
98290
98301
98311
98322
98333
98344
98354
98365
98376
98387
98397
98408
98419
98430
98440
98451
98462
98473
98483
98494
98505
98516
98526
98537
98548
98559
98569
98580
98591
98602
98612
98623
98634
98645
98655
98666
98677
98688
98698
98709
98720
98731
98741
98752
98763
98774
98784
98795
98806
98817
98827
98838
98849
98860
98870
98881
98892
98903
98913
98924
98935
98946
98956
98967
98978
98989
98999
99000
99010
99021
99031
99042
99052
99063
99073
99084
99094
99105
99115
99126
99136
99147
99157
99168
99178
99189
99199
99210
99220
99231
99241
99252
99262
99273
99283
99294
99304
99315
99325
99336
99346
99357
99367
99378
99388
99399
99409
99420
99430
99441
99451
99462
99472
99483
99493
99504
99514
99525
99535
99546
99556
99567
99577
99588
99598
99609
99619
99630
99640
99651
99661
99672
99682
99693
99703
99714
99724
99735
99745
99756
99766
99777
99787
99798
99808
99819
99829
99840
99850
99861
99871
99882
99892
99903
99913
99924
99934
99945
99955
99966
99976
99987
99997
100000
100009
100019
100029
100039
100048
100058
100068
100078
100087
100097
100107
100117
100126
100136
100146
100156
100165
100175
100185
100195
100204
100214
100224
100234
100243
100253
100263
100273
100282
100292
100302
100312
100321
100331
100341
100351
100360
100370
100380
100390
100399
100409
100419
100429
100438
100448
100458
100468
100477
100487
100497
100507
100516
100526
100536
100546
100555
100565
100575
100585
100594
100604
100614
100624
100633
100643
100653
100663
100672
100682
100692
100702
100711
100721
100731
100741
100750
100760
100770
100780
100789
100799
100809
100819
100828
100838
100848
100858
100867
100877
100887
100897
100906
100916
100926
100936
100945
100955
100965
100975
100984
100994
101000
101008
101017
101026
101034
101043
101052
101060
101069
101078
101086
101095
101104
101112
101121
101130
101138
101147
101156
101164
101173
101182
101190
101199
101208
101216
101225
101234
101242
101251
101260
101268
101277
101286
101294
101303
101312
101320
101329
101338
101346
101355
101364
101372
101381
101390
101398
101407
101416
101424
101433
101442
101450
101459
101468
101476
101485
101494
101502
101511
101520
101528
101537
101546
101554
101563
101572
101580
101589
101598
101606
101615
101624
101632
101641
101650
101658
101667
101676
101684
101693
101702
101710
101719
101728
101736
101745
101754
101762
101771
101780
101788
101797
101806
101814
101823
101832
101840
101849
101858
101866
101875
101884
101892
101901
101910
101918
101927
101936
101944
101953
101962
101970
101979
101988
101996
102000
102008
102017
102026
102034
102043
102052
102060
102069
102078
102086
102095
102104
102112
102121
102130
102138
102147
102156
102164
102173
102182
102190
102199
102208
102216
102225
102234
102242
102251
102260
102268
102277
102286
102294
102303
102312
102320
102329
102338
102346
102355
102364
102372
102381
102390
102398
102407
102416
102424
102433
102442
102450
102459
102468
102476
102485
102494
102502
102511
102520
102528
102537
102546
102554
102563
102572
102580
102589
102598
102606
102615
102624
102632
102641
102650
102658
102667
102676
102684
102693
102702
102710
102719
102728
102736
102745
102754
102762
102771
102780
102788
102797
102806
102814
102823
102832
102840
102849
102858
102866
102875
102884
102892
102901
102910
102918
102927
102936
102944
102953
102962
102970
102979
102988
102996
103000
103007
103015
103023
103031
103038
103046
103054
103062
103069
103077
103085
103093
103100
103108
103116
103124
103131
103139
103147
103155
103162
103170
103178
103186
103193
103201
103209
103217
103224
103232
103240
103248
103255
103263
103271
103279
103286
103294
103302
103310
103317
103325
103333
103341
103348
103356
103364
103372
103379
103387
103395
103403
103410
103418
103426
103434
103441
103449
103457
103465
103472
103480
103488
103496
103503
103511
103519
103527
103534
103542
103550
103558
103565
103573
103581
103589
103596
103604
103612
103620
103627
103635
103643
103651
103658
103666
103674
103682
103689
103697
103705
103713
103720
103728
103736
103744
103751
103759
103767
103775
103782
103790
103798
103806
103813
103821
103829
103837
103844
103852
103860
103868
103875
103883
103891
103899
103906
103914
103922
103930
103937
103945
103953
103961
103968
103976
103984
103992
103999
104000
104007
104015
104022
104029
104037
104044
104051
104059
104066
104073
104081
104088
104095
104103
104110
104117
104125
104132
104139
104147
104154
104161
104169
104176
104183
104191
104198
104205
104213
104220
104227
104235
104242
104249
104257
104264
104271
104279
104286
104293
104301
104308
104315
104323
104330
104337
104345
104352
104359
104367
104374
104381
104389
104396
104403
104411
104418
104425
104433
104440
104447
104455
104462
104469
104477
104484
104491
104499
104506
104513
104521
104528
104535
104543
104550
104557
104565
104572
104579
104587
104594
104601
104609
104616
104623
104631
104638
104645
104653
104660
104667
104675
104682
104689
104697
104704
104711
104719
104726
104733
104741
104748
104755
104763
104770
104777
104785
104792
104799
104807
104814
104821
104829
104836
104843
104851
104858
104865
104873
104880
104887
104895
104902
104909
104917
104924
104931
104939
104946
104953
104961
104968
104975
104983
104990
104997
105000
105006
105013
105020
105027
105034
105040
105047
105054
105061
105068
105074
105081
105088
105095
105102
105108
105115
105122
105129
105136
105142
105149
105156
105163
105170
105176
105183
105190
105197
105204
105210
105217
105224
105231
105238
105244
105251
105258
105265
105272
105278
105285
105292
105299
105306
105312
105319
105326
105333
105340
105346
105353
105360
105367
105374
105380
105387
105394
105401
105408
105414
105421
105428
105435
105442
105448
105455
105462
105469
105476
105482
105489
105496
105503
105510
105516
105523
105530
105537
105544
105550
105557
105564
105571
105578
105584
105591
105598
105605
105612
105618
105625
105632
105639
105646
105652
105659
105666
105673
105680
105686
105693
105700
105707
105714
105720
105727
105734
105741
105748
105754
105761
105768
105775
105782
105788
105795
105802
105809
105816
105822
105829
105836
105843
105850
105856
105863
105870
105877
105884
105890
105897
105904
105911
105918
105924
105931
105938
105945
105952
105958
105965
105972
105979
105986
105992
105999
106000
106006
106013
106020
106027
106034
106041
106047
106054
106061
106068
106075
106082
106088
106095
106102
106109
106116
106123
106129
106136
106143
106150
106157
106164
106170
106177
106184
106191
106198
106205
106211
106218
106225
106232
106239
106246
106252
106259
106266
106273
106280
106287
106293
106300
106307
106314
106321
106328
106334
106341
106348
106355
106362
106369
106375
106382
106389
106396
106403
106410
106416
106423
106430
106437
106444
106451
106457
106464
106471
106478
106485
106492
106498
106505
106512
106519
106526
106533
106539
106546
106553
106560
106567
106574
106580
106587
106594
106601
106608
106615
106621
106628
106635
106642
106649
106656
106662
106669
106676
106683
106690
106697
106703
106710
106717
106724
106731
106738
106744
106751
106758
106765
106772
106779
106785
106792
106799
106806
106813
106820
106826
106833
106840
106847
106854
106861
106867
106874
106881
106888
106895
106902
106908
106915
106922
106929
106936
106943
106949
106956
106963
106970
106977
106984
106990
106997
107000
107006
107013
107020
107027
107034
107041
107048
107054
107061
107068
107075
107082
107089
107096
107102
107109
107116
107123
107130
107137
107144
107150
107157
107164
107171
107178
107185
107192
107198
107205
107212
107219
107226
107233
107240
107246
107253
107260
107267
107274
107281
107288
107294
107301
107308
107315
107322
107329
107336
107342
107349
107356
107363
107370
107377
107384
107390
107397
107404
107411
107418
107425
107432
107438
107445
107452
107459
107466
107473
107480
107486
107493
107500
107507
107514
107521
107528
107534
107541
107548
107555
107562
107569
107576
107582
107589
107596
107603
107610
107617
107624
107630
107637
107644
107651
107658
107665
107672
107678
107685
107692
107699
107706
107713
107720
107726
107733
107740
107747
107754
107761
107768
107774
107781
107788
107795
107802
107809
107816
107822
107829
107836
107843
107850
107857
107864
107870
107877
107884
107891
107898
107905
107912
107918
107925
107932
107939
107946
107953
107960
107966
107973
107980
107987
107994
108000
108007
108015
108022
108029
108036
108044
108051
108058
108065
108073
108080
108087
108094
108102
108109
108116
108123
108131
108138
108145
108152
108160
108167
108174
108181
108189
108196
108203
108210
108218
108225
108232
108239
108247
108254
108261
108268
108276
108283
108290
108297
108305
108312
108319
108326
108334
108341
108348
108355
108363
108370
108377
108384
108392
108399
108406
108413
108421
108428
108435
108442
108450
108457
108464
108471
108479
108486
108493
108500
108508
108515
108522
108529
108537
108544
108551
108558
108566
108573
108580
108587
108595
108602
108609
108616
108624
108631
108638
108645
108653
108660
108667
108674
108682
108689
108696
108703
108711
108718
108725
108732
108740
108747
108754
108761
108769
108776
108783
108790
108798
108805
108812
108819
108827
108834
108841
108848
108856
108863
108870
108877
108885
108892
108899
108906
108914
108921
108928
108935
108943
108950
108957
108964
108972
108979
108986
108993
109000
109007
109015
109022
109029
109036
109043
109051
109058
109065
109072
109079
109087
109094
109101
109108
109115
109123
109130
109137
109144
109151
109159
109166
109173
109180
109187
109195
109202
109209
109216
109223
109231
109238
109245
109252
109259
109267
109274
109281
109288
109295
109303
109310
109317
109324
109331
109339
109346
109353
109360
109367
109375
109382
109389
109396
109403
109411
109418
109425
109432
109439
109447
109454
109461
109468
109475
109483
109490
109497
109504
109511
109519
109526
109533
109540
109547
109555
109562
109569
109576
109583
109591
109598
109605
109612
109619
109627
109634
109641
109648
109655
109663
109670
109677
109684
109691
109699
109706
109713
109720
109727
109735
109742
109749
109756
109763
109771
109778
109785
109792
109799
109807
109814
109821
109828
109835
109843
109850
109857
109864
109871
109879
109886
109893
109900
109907
109915
109922
109929
109936
109943
109951
109958
109965
109972
109979
109987
109994
110000
110007
110015
110022
110029
110037
110044
110051
110059
110066
110073
110081
110088
110095
110103
110110
110117
110125
110132
110139
110147
110154
110161
110169
110176
110183
110191
110198
110205
110213
110220
110227
110235
110242
110249
110257
110264
110271
110279
110286
110293
110301
110308
110315
110323
110330
110337
110345
110352
110359
110367
110374
110381
110389
110396
110403
110411
110418
110425
110433
110440
110447
110455
110462
110469
110477
110484
110491
110499
110506
110513
110521
110528
110535
110543
110550
110557
110565
110572
110579
110587
110594
110601
110609
110616
110623
110631
110638
110645
110653
110660
110667
110675
110682
110689
110697
110704
110711
110719
110726
110733
110741
110748
110755
110763
110770
110777
110785
110792
110799
110807
110814
110821
110829
110836
110843
110851
110858
110865
110873
110880
110887
110895
110902
110909
110917
110924
110931
110939
110946
110953
110961
110968
110975
110983
110990
110997
111000
111007
111015
111022
111030
111037
111045
111052
111060
111067
111075
111082
111090
111097
111105
111112
111120
111127
111135
111142
111150
111157
111165
111172
111180
111187
111195
111202
111210
111217
111225
111232
111240
111247
111255
111262
111270
111277
111285
111292
111300
111307
111315
111322
111330
111337
111345
111352
111360
111367
111375
111382
111390
111397
111405
111412
111420
111427
111435
111442
111450
111457
111465
111472
111480
111487
111495
111502
111510
111517
111525
111532
111540
111547
111555
111562
111570
111577
111585
111592
111600
111607
111615
111622
111630
111637
111645
111652
111660
111667
111675
111682
111690
111697
111705
111712
111720
111727
111735
111742
111750
111757
111765
111772
111780
111787
111795
111802
111810
111817
111825
111832
111840
111847
111855
111862
111870
111877
111885
111892
111900
111907
111915
111922
111930
111937
111945
111952
111960
111967
111975
111982
111990
111997
112000
112009
112019
112028
112037
112046
112056
112065
112074
112083
112093
112102
112111
112120
112130
112139
112148
112157
112167
112176
112185
112194
112204
112213
112222
112231
112241
112250
112259
112268
112278
112287
112296
112305
112315
112324
112333
112342
112352
112361
112370
112379
112389
112398
112407
112416
112426
112435
112444
112453
112463
112472
112481
112490
112500
112509
112518
112527
112537
112546
112555
112564
112574
112583
112592
112601
112611
112620
112629
112638
112648
112657
112666
112675
112685
112694
112703
112712
112722
112731
112740
112749
112759
112768
112777
112786
112796
112805
112814
112823
112833
112842
112851
112860
112870
112879
112888
112897
112907
112916
112925
112934
112944
112953
112962
112971
112981
112990
112999
113000
113010
113021
113032
113042
113053
113064
113074
113085
113096
113106
113117
113128
113138
113149
113160
113170
113181
113192
113202
113213
113224
113234
113245
113256
113266
113277
113288
113298
113309
113320
113330
113341
113352
113362
113373
113384
113394
113405
113416
113426
113437
113448
113458
113469
113480
113490
113501
113512
113522
113533
113544
113554
113565
113576
113586
113597
113608
113618
113629
113640
113650
113661
113672
113682
113693
113704
113714
113725
113736
113746
113757
113768
113778
113789
113800
113810
113821
113832
113842
113853
113864
113874
113885
113896
113906
113917
113928
113938
113949
113960
113970
113981
113992
114000
114011
114023
114035
114047
114059
114070
114082
114094
114106
114118
114129
114141
114153
114165
114177
114188
114200
114212
114224
114236
114247
114259
114271
114283
114295
114306
114318
114330
114342
114354
114365
114377
114389
114401
114413
114424
114436
114448
114460
114472
114483
114495
114507
114519
114531
114542
114554
114566
114578
114590
114601
114613
114625
114637
114649
114660
114672
114684
114696
114708
114719
114731
114743
114755
114767
114778
114790
114802
114814
114826
114837
114849
114861
114873
114885
114896
114908
114920
114932
114944
114955
114967
114979
114991
115000
115014
115029
115043
115058
115072
115087
115101
115116
115130
115145
115159
115174
115188
115203
115217
115232
115246
115261
115275
115290
115304
115319
115333
115348
115362
115377
115391
115406
115420
115435
115449
115464
115478
115493
115507
115522
115536
115551
115565
115580
115594
115609
115623
115638
115652
115667
115681
115696
115710
115725
115739
115754
115768
115783
115797
115812
115826
115841
115855
115870
115884
115899
115913
115928
115942
115957
115971
115986
116000
116016
116033
116049
116065
116082
116098
116114
116131
116147
116163
116180
116196
116212
116229
116245
116261
116278
116294
116310
116327
116343
116359
116376
116392
116408
116425
116441
116457
116474
116490
116506
116523
116539
116555
116572
116588
116604
116621
116637
116653
116670
116686
116702
116719
116735
116751
116768
116784
116800
116817
116833
116849
116866
116882
116898
116915
116931
116947
116964
116980
116996
117000
117012
117025
117037
117049
117062
117074
117086
117099
117111
117123
117136
117148
117160
117173
117185
117197
117210
117222
117234
117247
117259
117271
117284
117296
117308
117321
117333
117345
117358
117370
117382
117395
117407
117419
117432
117444
117456
117469
117481
117493
117506
117518
117530
117543
117555
117567
117580
117592
117604
117617
117629
117641
117654
117666
117678
117691
117703
117715
117728
117740
117752
117765
117777
117789
117802
117814
117826
117839
117851
117863
117876
117888
117900
117913
117925
117937
117950
117962
117974
117987
117999
118000
118012
118025
118038
118050
118063
118076
118088
118101
118114
118126
118139
118152
118164
118177
118190
118202
118215
118228
118240
118253
118266
118278
118291
118304
118316
118329
118342
118354
118367
118380
118392
118405
118418
118430
118443
118456
118468
118481
118494
118506
118519
118532
118544
118557
118570
118582
118595
118608
118620
118633
118646
118658
118671
118684
118696
118709
118722
118734
118747
118760
118772
118785
118798
118810
118823
118836
118848
118861
118874
118886
118899
118912
118924
118937
118950
118962
118975
118988
119000
119012
119025
119037
119049
119062
119074
119086
119099
119111
119123
119136
119148
119160
119173
119185
119197
119210
119222
119234
119247
119259
119271
119284
119296
119308
119321
119333
119345
119358
119370
119382
119395
119407
119419
119432
119444
119456
119469
119481
119493
119506
119518
119530
119543
119555
119567
119580
119592
119604
119617
119629
119641
119654
119666
119678
119691
119703
119715
119728
119740
119752
119765
119777
119789
119802
119814
119826
119839
119851
119863
119876
119888
119900
119913
119925
119937
119950
119962
119974
119987
119999
120000
120011
120022
120033
120044
120055
120066
120077
120088
120099
120110
120121
120132
120143
120154
120165
120176
120187
120198
120209
120220
120231
120242
120253
120264
120275
120286
120297
120308
120319
120330
120341
120352
120363
120374
120385
120396
120407
120418
120429
120440
120451
120462
120473
120484
120495
120506
120517
120528
120539
120550
120561
120572
120583
120594
120605
120616
120627
120638
120649
120660
120671
120682
120693
120704
120715
120726
120737
120748
120759
120770
120781
120792
120803
120814
120825
120836
120847
120858
120869
120880
120891
120902
120913
120924
120935
120946
120957
120968
120979
120990
121000
121012
121024
121036
121048
121060
121072
121084
121096
121108
121120
121132
121144
121156
121168
121180
121192
121204
121216
121228
121240
121252
121264
121276
121288
121300
121312
121324
121336
121348
121360
121372
121384
121396
121408
121420
121432
121444
121456
121468
121480
121492
121504
121516
121528
121540
121552
121564
121576
121588
121600
121612
121624
121636
121648
121660
121672
121684
121696
121708
121720
121732
121744
121756
121768
121780
121792
121804
121816
121828
121840
121852
121864
121876
121888
121900
121912
121924
121936
121948
121960
121972
121984
121996
122000
122012
122025
122037
122050
122062
122075
122087
122100
122112
122125
122137
122150
122162
122175
122187
122200
122212
122225
122237
122250
122262
122275
122287
122300
122312
122325
122337
122350
122362
122375
122387
122400
122412
122425
122437
122450
122462
122475
122487
122500
122512
122525
122537
122550
122562
122575
122587
122600
122612
122625
122637
122650
122662
122675
122687
122700
122712
122725
122737
122750
122762
122775
122787
122800
122812
122825
122837
122850
122862
122875
122887
122900
122912
122925
122937
122950
122962
122975
122987
123000
123012
123025
123037
123050
123062
123075
123087
123100
123112
123125
123137
123150
123162
123175
123187
123200
123212
123225
123237
123250
123262
123275
123287
123300
123312
123325
123337
123350
123362
123375
123387
123400
123412
123425
123437
123450
123462
123475
123487
123500
123512
123525
123537
123550
123562
123575
123587
123600
123612
123625
123637
123650
123662
123675
123687
123700
123712
123725
123737
123750
123762
123775
123787
123800
123812
123825
123837
123850
123862
123875
123887
123900
123912
123925
123937
123950
123962
123975
123987
124000
124014
124029
124043
124057
124072
124086
124100
124115
124129
124143
124158
124172
124186
124201
124215
124229
124244
124258
124272
124287
124301
124315
124330
124344
124358
124373
124387
124401
124416
124430
124444
124459
124473
124487
124502
124516
124530
124545
124559
124573
124588
124602
124616
124631
124645
124659
124674
124688
124702
124717
124731
124745
124760
124774
124788
124803
124817
124831
124846
124860
124874
124889
124903
124917
124932
124946
124960
124975
124989
125000
125015
125031
125047
125062
125078
125094
125109
125125
125141
125156
125172
125188
125203
125219
125235
125250
125266
125282
125297
125313
125329
125344
125360
125376
125391
125407
125423
125438
125454
125470
125485
125501
125517
125532
125548
125564
125579
125595
125611
125626
125642
125658
125673
125689
125705
125720
125736
125752
125767
125783
125799
125814
125830
125846
125861
125877
125893
125908
125924
125940
125955
125971
125987
126000
126014
126029
126044
126059
126074
126089
126104
126119
126133
126148
126163
126178
126193
126208
126223
126238
126252
126267
126282
126297
126312
126327
126342
126357
126371
126386
126401
126416
126431
126446
126461
126476
126490
126505
126520
126535
126550
126565
126580
126595
126609
126624
126639
126654
126669
126684
126699
126714
126728
126743
126758
126773
126788
126803
126818
126833
126847
126862
126877
126892
126907
126922
126937
126952
126966
126981
126996
127000
127018
127037
127056
127075
127093
127112
127131
127150
127168
127187
127206
127225
127243
127262
127281
127300
127318
127337
127356
127375
127393
127412
127431
127450
127468
127487
127506
127525
127543
127562
127581
127600
127618
127637
127656
127675
127693
127712
127731
127750
127768
127787
127806
127825
127843
127862
127881
127900
127918
127937
127956
127975
127993
128000
128016
128033
128050
128067
128084
128101
128118
128135
128152
128168
128185
128202
128219
128236
128253
128270
128287
128304
128320
128337
128354
128371
128388
128405
128422
128439
128456
128472
128489
128506
128523
128540
128557
128574
128591
128608
128624
128641
128658
128675
128692
128709
128726
128743
128760
128776
128793
128810
128827
128844
128861
128878
128895
128912
128928
128945
128962
128979
128996
129000
129020
129041
129062
129083
129103
129124
129145
129166
129186
129207
129228
129249
129269
129290
129311
129332
129352
129373
129394
129415
129435
129456
129477
129498
129518
129539
129560
129581
129601
129622
129643
129664
129684
129705
129726
129747
129767
129788
129809
129830
129850
129871
129892
129913
129933
129954
129975
129996
130000
130018
130037
130055
130073
130092
130110
130128
130147
130165
130183
130202
130220
130238
130257
130275
130293
130312
130330
130348
130367
130385
130403
130422
130440
130458
130477
130495
130513
130532
130550
130568
130587
130605
130623
130642
130660
130678
130697
130715
130733
130752
130770
130788
130807
130825
130843
130862
130880
130898
130917
130935
130953
130972
130990
131000
131017
131035
131053
131071
131089
131107
131124
131142
131160
131178
131196
131214
131231
131249
131267
131285
131303
131321
131338
131356
131374
131392
131410
131428
131445
131463
131481
131499
131517
131535
131552
131570
131588
131606
131624
131642
131659
131677
131695
131713
131731
131749
131766
131784
131802
131820
131838
131856
131873
131891
131909
131927
131945
131963
131980
131998
132000
132017
132035
132053
132070
132088
132106
132123
132141
132159
132176
132194
132212
132229
132247
132265
132282
132300
132318
132335
132353
132371
132388
132406
132424
132441
132459
132477
132494
132512
132530
132547
132565
132583
132600
132618
132636
132653
132671
132689
132706
132724
132742
132759
132777
132795
132812
132830
132848
132865
132883
132901
132918
132936
132954
132971
132989
