        TOTAL    32465    12008    13416    10184     9095     1088
1557585715.000000
        TOTAL    49225    11868    22568    12068    10384     1683
1557585716.000000
        TOTAL    61500    11788    29944    12256    11787      468
1557585716.000000
        TOTAL    69367    11768    34124    12776    12476      299
1557585717.000000
        TOTAL    81809    11784    43396    13140    11440     1699
1557585718.000000
        TOTAL    94984    11784    53552    13204    11812     1391
1557585719.000000
        TOTAL    99399    11780    56680    13204    12165     1038
1557585720.000000
        TOTAL   104684    11740    61728    13632    12223     1408
1557585721.000000
        TOTAL   106518    11696    64032    13836    12526     1309
1557585722.000000
        TOTAL   112417    11704    68456    13836    12762     1073
1557585723.000000
        TOTAL   115541    11696    71464    13836    12874      961
1557585724.000000
        TOTAL   113515    11696    69600    13836    12969      866
1557585725.000000
        TOTAL   114948    11696    71020    13836    13075      464
1557585727.000000
        TOTAL   114371    11704    70588    13836    13157      382
1557585728.000000
        TOTAL   119541    11704    75760    13836    13249      290
1557585729.000000
        TOTAL   118002    11696    74292    13872    13341      234
1557585730.000000
        TOTAL   119629    11696    76564    13960    13433      230
1557585731.000000
        TOTAL   121658    11696    79064    14056    13536      223
1557585732.000000
        TOTAL   121825    11696    80492    14140    13613      230
1557585733.000000
        TOTAL   123467    11696    82116    14200    12234     1669
1557585734.000000
        TOTAL   125954    11696    84636    14200    12314     1589
1557585736.000000
        TOTAL   122305    11696    80976    14200    12401     1502
1557585736.000000
        TOTAL   122401    11696    81072    14200    12486     1417
1557585737.000000
        TOTAL   122408    11696    81084    14200    12577     1326
1557585738.000000
        TOTAL   122736    11696    81412    14200    12662     1241
1557585739.000000
        TOTAL   122947    11696    81708    14200    12749     1154
1557585740.000000
        TOTAL   115703    11696    74464    14200    12842     1061
1557585741.000000
        TOTAL   115783    11696    74544    14200    12922      981
1557585742.000000
        TOTAL   116355    11696    75116    14200    13008      895
1557585743.000000
        TOTAL   117723    11696    76484    14200    13097      806
1557585744.000000
        TOTAL   116758    11700    75544    14200    13180      723
1557585745.000000
        TOTAL   117766    11696    76556    14200    13267      636
1557585746.000000
        TOTAL   118614    11696    77428    14200    13363      540
1557585747.000000
        TOTAL   120080    11696    78916    14200    13452      451
1557585748.000000
        TOTAL   120135    11696    78980    14200    13536      367
1557585749.000000
        TOTAL   120163    11696    79032    14200    12226     1677
1557585750.000000
        TOTAL   120669    11696    79560    14200    12326     1577
1557585751.000000
        TOTAL   120820    11696    79776    14200    12401     1502
1557585752.000000
        TOTAL   121164    11696    80120    14200    12488     1415
1557585753.000000
        TOTAL   121170    11696    80132    14200    12579     1324
1557585754.000000
        TOTAL   120922    11696    79880    14200    12661     1242
1557585754.000000
        TOTAL   121602    11696    80560    14200    12744     1159
1557585755.000000
        TOTAL   122138    11696    81096    14200    12829     1074
1557585756.000000
        TOTAL   122162    11696    81120    14200    12913      990
1557585757.000000
        TOTAL   122521    11696    81488    14200    13000      903
1557585758.000000
        TOTAL   122541    11696    81512    14200    13084      819
1557585759.000000
        TOTAL   123580    11696    82552    14200    13169      734
1557585760.000000
        TOTAL   123593    11696    82600    14200    13255      648
1557585761.000000
        TOTAL   123639    11704    82640    14200    13346      557
1557585762.000000
        TOTAL   123680    11696    82684    14200    13427      476
1557585763.000000
        TOTAL   124818    11696    83848    14200    13516      388
1557585764.000000
        TOTAL   125278    11696    84308    14200    13603      300
1557585765.000000
        TOTAL   125316    11696    84364    14200    12234     1669
1557585766.000000
        TOTAL   125336    11696    84380    14200    12314     1589
1557585766.000000
        TOTAL   125928    11696    84972    14200    12407     1496
1557585767.000000
        TOTAL   127221    11696    86268    14200    12497     1406
1557585768.000000
        TOTAL   127225    11696    86272    14200    12583     1320
1557585769.000000
        TOTAL   126949    11696    85996    14180    12670     1213
1557585770.000000
        TOTAL   127561    11696    86624    14180    12758     1125
1557585771.000000
        TOTAL   128137    11696    87200    14180    12844     1039
1557585772.000000
        TOTAL   128141    11696    87204    14180    12928      955
1557585773.000000
        TOTAL   128149    11696    87212    14180    13014      869
1557585774.000000
        TOTAL   128169    11696    87232    14180    13107      776
1557585775.000000
        TOTAL   130541    11696    89604    14180    13195      688
1557585776.000000
        TOTAL   130277    11696    89336    14180    13280      603
1557585777.000000
        TOTAL   130320    11696    89392    14180    13367      516
1557585777.000000
        TOTAL   129912    11696    88984    14180    13450      433
1557585778.000000
        TOTAL   130616    11696    89688    14180    13541      342
1557585779.000000
        TOTAL   131595    11696    90672    14180    12209     1674
1557585780.000000
        TOTAL   131631    11696    90712    14180    12287     1596
1557585781.000000
        TOTAL   131655    11696    90736    14180    12376     1507
1557585782.000000
        TOTAL   131771    11696    90844    14180    12464     1419
1557585783.000000
        TOTAL   131931    11696    90992    14180    12549     1334
1557585784.000000
        TOTAL   131959    11696    91020    14180    12639     1244
1557585785.000000
        TOTAL   131783    11696    90832    14180    12726     1157
1557585786.000000
        TOTAL   131807    11696    90856    14180    12810     1073
1557585787.000000
        TOTAL   131859    11696    90908    14180    12892      991
1557585787.000000
        TOTAL   132219    11696    91268    14180    12977      906
1557585788.000000
        TOTAL   131159    11696    90208    14180    13061      822
1557585789.000000
        TOTAL   131247    11696    90296    14180    13146      737
1557585790.000000
        TOTAL   131285    11696    90336    14180    13232      651
1557585791.000000
        TOTAL   131301    11696    90352    14180    13320      563
1557585792.000000
        TOTAL   131029    11696    90080    14180    13404      479
1557585793.000000
        TOTAL   130145    11696    89196    14180    13486      397
1557585794.000000
        TOTAL   130233    11696    89284    14180    13569      314
1557585795.000000
        TOTAL   130585    11696    89632    14180    12216     1667
1557585796.000000
        TOTAL   127881    11696    86924    14180    12314     1569
1557585797.000000
        TOTAL   123913    11696    82956    14180    12398     1485
1557585798.000000
        TOTAL   124425    11696    83468    14180    12485     1398
1557585798.000000
        TOTAL   123405    11696    82448    14180    12569     1314
1557585799.000000
        TOTAL   123713    11696    82756    14176    12654     1225
1557585800.000000
        TOTAL   123709    11704    82736    14176    12740     1139
1557585801.000000
        TOTAL   117145    11696    76172    14176    12826     1053
1557585802.000000
        TOTAL   117081    11696    76108    14176    12910      969
1557585803.000000
        TOTAL   116449    11696    75476    14176    12995      884
1557585804.000000
        TOTAL   116889    11696    75916    14176    13085      794
1557585805.000000
        TOTAL   116893    11696    75920    14176    13163      716
1557585806.000000
        TOTAL   116915    11696    75944    14176    13251      628
1557585807.000000
        TOTAL   117079    11696    76108    14176    13339      540
1557585807.000000
        TOTAL   117227    11696    76256    14176    13422      457
1557585808.000000
        TOTAL   116279    11696    75308    14176    13507      372
1557585809.000000
        TOTAL   116367    11696    75396    14176    13606      273
1557585810.000000
        TOTAL   116519    11696    75548    14184    12229     1658
1557585811.000000
        TOTAL   116523    11696    75552    14184    12318     1569
1557585812.000000
        TOTAL   116563    11696    75592    14184    12402     1485
1557585813.000000
        TOTAL   116343    11696    75372    14184    12495     1392
1557585814.000000
        TOTAL   115847    11696    74876    14184    12580     1307
1557585815.000000
        TOTAL   115251    11696    74280    14176    12666     1213
1557585816.000000
        TOTAL   115263    11696    74292    14176    12750     1129
1557585817.000000
        TOTAL   115343    11696    74372    14176    12838     1041
1557585817.000000
        TOTAL   114699    11696    73728    14176    12918      961
1557585818.000000
        TOTAL   114743    11696    73772    14176    13004      875
1557585819.000000
        TOTAL   114751    11696    73780    14176    13092      787
1557585820.000000
        TOTAL   114755    11696    73784    14176    13175      704
1557585821.000000
        TOTAL   114327    11696    73356    14176    13264      615
1557585822.000000
        TOTAL   114367    11696    73396    14176    13345      534
1557585823.000000
        TOTAL   113811    11696    72840    14176    13429      450
1557585824.000000
        TOTAL   113979    11696    73008    14176    13564      415
1557585825.000000
        TOTAL   114059    11696    73088    14176    13657      322
1557585825.000000
        TOTAL   114119    11696    73148    14192    12281     1714
1557585826.000000
        TOTAL   113843    11696    72872    14192    12367     1628
1557585827.000000
        TOTAL   113587    11696    72616    14192    12462     1533
1557585828.000000
        TOTAL   113247    11696    72276    14192    12540     1455
1557585829.000000
        TOTAL   113343    11696    72372    14192    12641     1354
1557585830.000000
        TOTAL   113055    11696    72084    14184    12711     1276
1557585831.000000
        TOTAL   113079    11696    72108    14184    12796     1187
1557585832.000000
        TOTAL   113131    11696    72160    14184    12883     1100
1557585833.000000
        TOTAL   113067    11696    72096    14184    12969     1014
1557585833.000000
        TOTAL   112123    11696    71152    14184    13054      929
1557585834.000000
        TOTAL   112255    11696    71284    14184    13148      835
1557585835.000000
        TOTAL   111867    11696    70896    14184    13235      748
1557585836.000000
        TOTAL   111919    11696    70948    14184    13316      667
1557585837.000000
        TOTAL   111991    11696    71020    14184    13401      582
1557585838.000000
        TOTAL   111447    11696    70476    14184    13487      496
1557585839.000000
        TOTAL   111555    11696    70580    14184    13574      409
1557585840.000000
        TOTAL   111271    11696    70296    14184    13661      322
1557585841.000000
        TOTAL   111404    11696    70424    14196    12290     1705
1557585841.000000
        TOTAL   111636    11696    70648    14196    12367     1628
1557585842.000000
        TOTAL   111480    11696    70492    14196    12429     1566
1557585843.000000
        TOTAL   111564    11696    70576    14196    12490     1505
1557585844.000000
        TOTAL   111568    11696    70580    14196    12552     1443
1557585845.000000
        TOTAL   111568    11696    70580    14196    12614     1381
1557585845.000000
        TOTAL   111308    11696    70320    14196    12675     1320
1557585846.000000
        TOTAL   111320    11696    70332    14196    12736     1259
1557585847.000000
        TOTAL   108739    11696    70952    14196    12723     1272
1557585848.000000
